# data/public-ice/nucleation/Ice_nucleation_trajectory/Nucleation_trajectory-1 nframes 1001 last 1001 stride 1
# frame nop chill_cubic chill_hex chill_interfacial chill_clathrate chill_interclathrate chill_water chill_ice chill_max chill_clus cut_ice cut_max cut_clus seed_ih seed_ic seed_both seed_ice seed_max seed_clus
1 17 0 1 1 0 0 15 1 1 1 0 0 0 0 0 0 0 0 0
2 0 0 0 0 0 0 0 0 0 0 0 0 0 0 0 0 0 0 0
3 51 1 0 2 0 0 48 1 1 1 0 0 0 0 0 0 0 0 0
4 0 0 0 0 0 0 0 0 0 0 0 0 0 0 0 0 0 0 0
5 0 0 0 0 0 0 0 0 0 0 0 0 0 0 0 0 0 0 0
6 0 0 0 0 0 0 0 0 0 0 0 0 0 0 0 0 0 0 0
7 17 0 0 0 0 0 17 0 0 0 0 0 0 0 0 0 0 0 0
8 17 1 0 0 0 0 16 1 1 1 0 0 0 0 0 0 0 0 0
9 0 0 0 0 0 0 0 0 0 0 0 0 0 0 0 0 0 0 0
10 0 0 0 0 0 0 0 0 0 0 0 0 0 0 0 0 0 0 0
11 0 0 0 0 0 0 0 0 0 0 0 0 0 0 0 0 0 0 0
12 0 0 0 0 0 0 0 0 0 0 0 0 0 0 0 0 0 0 0
13 17 0 1 0 0 0 16 1 1 1 0 0 0 0 0 0 0 0 0
14 0 0 0 0 0 0 0 0 0 0 0 0 0 0 0 0 0 0 0
15 0 0 0 0 0 0 0 0 0 0 0 0 0 0 0 0 0 0 0
16 17 1 0 0 0 0 16 1 1 1 0 0 0 0 0 0 0 0 0
17 17 0 0 0 0 0 17 0 0 0 0 0 0 0 0 0 0 0 0
18 0 0 0 0 0 0 0 0 0 0 0 0 0 0 0 0 0 0 0
19 0 0 0 0 0 0 0 0 0 0 0 0 0 0 0 0 0 0 0
20 17 1 0 1 0 0 15 1 1 1 0 0 0 0 0 0 0 0 0
21 17 0 0 0 0 0 17 0 0 0 0 0 0 0 0 0 0 0 0
22 0 0 0 0 0 0 0 0 0 0 0 0 0 0 0 0 0 0 0
23 0 0 0 0 0 0 0 0 0 0 0 0 0 0 0 0 0 0 0
24 0 0 0 0 0 0 0 0 0 0 0 0 0 0 0 0 0 0 0
25 0 0 0 0 0 0 0 0 0 0 0 0 0 0 0 0 0 0 0
26 17 1 0 1 0 0 15 1 1 1 0 0 0 0 0 0 0 0 0
27 0 0 0 0 0 0 0 0 0 0 0 0 0 0 0 0 0 0 0
28 0 0 0 0 0 0 0 0 0 0 0 0 0 0 0 0 0 0 0
29 0 0 0 0 0 0 0 0 0 0 0 0 0 0 0 0 0 0 0
30 0 0 0 0 0 0 0 0 0 0 0 0 0 0 0 0 0 0 0
31 17 0 0 0 0 0 17 0 0 0 0 0 0 0 0 0 0 0 0
32 0 0 0 0 0 0 0 0 0 0 0 0 0 0 0 0 0 0 0
33 0 0 0 0 0 0 0 0 0 0 0 0 0 0 0 0 0 0 0
34 17 0 1 1 0 0 15 1 1 1 0 0 0 0 0 0 0 0 0
35 0 0 0 0 0 0 0 0 0 0 0 0 0 0 0 0 0 0 0
36 17 0 1 1 0 0 15 1 1 1 0 0 0 0 0 0 0 0 0
37 0 0 0 0 0 0 0 0 0 0 0 0 0 0 0 0 0 0 0
38 0 0 0 0 0 0 0 0 0 0 0 0 0 0 0 0 0 0 0
39 0 0 0 0 0 0 0 0 0 0 0 0 0 0 0 0 0 0 0
40 0 0 0 0 0 0 0 0 0 0 0 0 0 0 0 0 0 0 0
41 17 0 1 0 0 0 16 1 1 1 0 0 0 0 0 0 0 0 0
42 0 0 0 0 0 0 0 0 0 0 0 0 0 0 0 0 0 0 0
43 17 0 0 3 0 0 14 0 0 0 0 0 0 0 0 0 0 0 0
44 17 0 1 0 0 0 16 1 1 1 0 0 0 0 0 0 0 0 0
45 0 0 0 0 0 0 0 0 0 0 0 0 0 0 0 0 0 0 0
46 0 0 0 0 0 0 0 0 0 0 0 0 0 0 0 0 0 0 0
47 34 1 0 1 0 0 32 1 1 1 0 0 0 0 0 0 0 0 0
48 17 0 1 0 0 0 16 1 1 1 0 0 0 0 0 0 0 0 0
49 17 0 1 0 0 0 16 1 1 1 0 0 0 0 0 0 0 0 0
50 17 0 0 0 0 0 17 0 0 0 0 0 0 0 0 0 0 0 0
51 17 0 0 0 0 0 17 0 0 0 0 0 0 0 0 0 0 0 0
52 0 0 0 0 0 0 0 0 0 0 0 0 0 0 0 0 0 0 0
53 0 0 0 0 0 0 0 0 0 0 0 0 0 0 0 0 0 0 0
54 0 0 0 0 0 0 0 0 0 0 0 0 0 0 0 0 0 0 0
55 0 0 0 0 0 0 0 0 0 0 0 0 0 0 0 0 0 0 0
56 17 0 0 0 0 0 17 0 0 0 0 0 0 0 0 0 0 0 0
57 17 0 0 0 0 0 17 0 0 0 0 0 0 0 0 0 0 0 0
58 17 0 0 0 0 0 17 0 0 0 0 0 0 0 0 0 0 0 0
59 17 0 0 0 0 0 17 0 0 0 0 0 0 0 0 0 0 0 0
60 68 0 2 1 0 0 65 2 1 2 0 0 0 0 0 0 0 0 0
61 34 0 0 0 0 0 34 0 0 0 0 0 0 0 0 0 0 0 0
62 17 0 1 2 0 0 14 1 1 1 0 0 0 0 0 0 0 0 0
63 0 0 0 0 0 0 0 0 0 0 0 0 0 0 0 0 0 0 0
64 0 0 0 0 0 0 0 0 0 0 0 0 0 0 0 0 0 0 0
65 17 0 0 0 0 0 17 0 0 0 0 0 0 0 0 0 0 0 0
66 0 0 0 0 0 0 0 0 0 0 0 0 0 0 0 0 0 0 0
67 0 0 0 0 0 0 0 0 0 0 0 0 0 0 0 0 0 0 0
68 0 0 0 0 0 0 0 0 0 0 0 0 0 0 0 0 0 0 0
69 0 0 0 0 0 0 0 0 0 0 0 0 0 0 0 0 0 0 0
70 0 0 0 0 0 0 0 0 0 0 0 0 0 0 0 0 0 0 0
71 0 0 0 0 0 0 0 0 0 0 0 0 0 0 0 0 0 0 0
72 0 0 0 0 0 0 0 0 0 0 0 0 0 0 0 0 0 0 0
73 0 0 0 0 0 0 0 0 0 0 0 0 0 0 0 0 0 0 0
74 17 0 0 0 0 0 17 0 0 0 0 0 0 0 0 0 0 0 0
75 17 0 0 0 0 0 17 0 0 0 0 0 0 0 0 0 0 0 0
76 0 0 0 0 0 0 0 0 0 0 0 0 0 0 0 0 0 0 0
77 17 0 0 0 0 0 17 0 0 0 0 0 0 0 0 0 0 0 0
78 0 0 0 0 0 0 0 0 0 0 0 0 0 0 0 0 0 0 0
79 0 0 0 0 0 0 0 0 0 0 0 0 0 0 0 0 0 0 0
80 0 0 0 0 0 0 0 0 0 0 0 0 0 0 0 0 0 0 0
81 0 0 0 0 0 0 0 0 0 0 0 0 0 0 0 0 0 0 0
82 0 0 0 0 0 0 0 0 0 0 0 0 0 0 0 0 0 0 0
83 17 0 0 0 0 0 17 0 0 0 0 0 0 0 0 0 0 0 0
84 0 0 0 0 0 0 0 0 0 0 0 0 0 0 0 0 0 0 0
85 0 0 0 0 0 0 0 0 0 0 0 0 0 0 0 0 0 0 0
86 0 0 0 0 0 0 0 0 0 0 0 0 0 0 0 0 0 0 0
87 0 0 0 0 0 0 0 0 0 0 0 0 0 0 0 0 0 0 0
88 0 0 0 0 0 0 0 0 0 0 0 0 0 0 0 0 0 0 0
89 0 0 0 0 0 0 0 0 0 0 0 0 0 0 0 0 0 0 0
90 17 0 1 0 0 0 16 1 1 1 0 0 0 0 0 0 0 0 0
91 0 0 0 0 0 0 0 0 0 0 0 0 0 0 0 0 0 0 0
92 0 0 0 0 0 0 0 0 0 0 0 0 0 0 0 0 0 0 0
93 0 0 0 0 0 0 0 0 0 0 0 0 0 0 0 0 0 0 0
94 0 0 0 0 0 0 0 0 0 0 0 0 0 0 0 0 0 0 0
95 0 0 0 0 0 0 0 0 0 0 0 0 0 0 0 0 0 0 0
96 0 0 0 0 0 0 0 0 0 0 0 0 0 0 0 0 0 0 0
97 0 0 0 0 0 0 0 0 0 0 0 0 0 0 0 0 0 0 0
98 0 0 0 0 0 0 0 0 0 0 0 0 0 0 0 0 0 0 0
99 0 0 0 0 0 0 0 0 0 0 0 0 0 0 0 0 0 0 0
100 0 0 0 0 0 0 0 0 0 0 0 0 0 0 0 0 0 0 0
101 17 1 0 1 0 0 15 1 1 1 0 0 0 0 0 0 0 0 0
102 0 0 0 0 0 0 0 0 0 0 0 0 0 0 0 0 0 0 0
103 0 0 0 0 0 0 0 0 0 0 0 0 0 0 0 0 0 0 0
104 0 0 0 0 0 0 0 0 0 0 0 0 0 0 0 0 0 0 0
105 0 0 0 0 0 0 0 0 0 0 0 0 0 0 0 0 0 0 0
106 0 0 0 0 0 0 0 0 0 0 0 0 0 0 0 0 0 0 0
107 0 0 0 0 0 0 0 0 0 0 0 0 0 0 0 0 0 0 0
108 0 0 0 0 0 0 0 0 0 0 0 0 0 0 0 0 0 0 0
109 17 0 0 2 0 0 15 0 0 0 0 0 0 0 0 0 0 0 0
110 17 1 0 0 0 0 16 1 1 1 0 0 0 0 0 0 0 0 0
111 0 0 0 0 0 0 0 0 0 0 0 0 0 0 0 0 0 0 0
112 0 0 0 0 0 0 0 0 0 0 0 0 0 0 0 0 0 0 0
113 0 0 0 0 0 0 0 0 0 0 0 0 0 0 0 0 0 0 0
114 0 0 0 0 0 0 0 0 0 0 0 0 0 0 0 0 0 0 0
115 0 0 0 0 0 0 0 0 0 0 0 0 0 0 0 0 0 0 0
116 0 0 0 0 0 0 0 0 0 0 0 0 0 0 0 0 0 0 0
117 0 0 0 0 0 0 0 0 0 0 0 0 0 0 0 0 0 0 0
118 0 0 0 0 0 0 0 0 0 0 0 0 0 0 0 0 0 0 0
119 0 0 0 0 0 0 0 0 0 0 0 0 0 0 0 0 0 0 0
120 17 0 1 0 0 1 15 1 1 1 0 0 0 0 0 0 0 0 0
121 0 0 0 0 0 0 0 0 0 0 0 0 0 0 0 0 0 0 0
122 0 0 0 0 0 0 0 0 0 0 0 0 0 0 0 0 0 0 0
123 0 0 0 0 0 0 0 0 0 0 0 0 0 0 0 0 0 0 0
124 17 1 0 0 0 0 16 1 1 1 0 0 0 0 0 0 0 0 0
125 0 0 0 0 0 0 0 0 0 0 0 0 0 0 0 0 0 0 0
126 0 0 0 0 0 0 0 0 0 0 0 0 0 0 0 0 0 0 0
127 0 0 0 0 0 0 0 0 0 0 0 0 0 0 0 0 0 0 0
128 0 0 0 0 0 0 0 0 0 0 0 0 0 0 0 0 0 0 0
129 0 0 0 0 0 0 0 0 0 0 0 0 0 0 0 0 0 0 0
130 0 0 0 0 0 0 0 0 0 0 0 0 0 0 0 0 0 0 0
131 0 0 0 0 0 0 0 0 0 0 0 0 0 0 0 0 0 0 0
132 0 0 0 0 0 0 0 0 0 0 0 0 0 0 0 0 0 0 0
133 17 0 1 0 0 0 16 1 1 1 0 0 0 0 0 0 0 0 0
134 17 0 1 0 0 0 16 1 1 1 0 0 0 0 0 0 0 0 0
135 17 0 0 0 0 0 17 0 0 0 0 0 0 0 0 0 0 0 0
136 0 0 0 0 0 0 0 0 0 0 0 0 0 0 0 0 0 0 0
137 0 0 0 0 0 0 0 0 0 0 0 0 0 0 0 0 0 0 0
138 0 0 0 0 0 0 0 0 0 0 0 0 0 0 0 0 0 0 0
139 0 0 0 0 0 0 0 0 0 0 0 0 0 0 0 0 0 0 0
140 0 0 0 0 0 0 0 0 0 0 0 0 0 0 0 0 0 0 0
141 0 0 0 0 0 0 0 0 0 0 0 0 0 0 0 0 0 0 0
142 0 0 0 0 0 0 0 0 0 0 0 0 0 0 0 0 0 0 0
143 17 0 0 0 0 0 17 0 0 0 0 0 0 0 0 0 0 0 0
144 0 0 0 0 0 0 0 0 0 0 0 0 0 0 0 0 0 0 0
145 0 0 0 0 0 0 0 0 0 0 0 0 0 0 0 0 0 0 0
146 0 0 0 0 0 0 0 0 0 0 0 0 0 0 0 0 0 0 0
147 0 0 0 0 0 0 0 0 0 0 0 0 0 0 0 0 0 0 0
148 0 0 0 0 0 0 0 0 0 0 0 0 0 0 0 0 0 0 0
149 0 0 0 0 0 0 0 0 0 0 0 0 0 0 0 0 0 0 0
150 0 0 0 0 0 0 0 0 0 0 0 0 0 0 0 0 0 0 0
151 0 0 0 0 0 0 0 0 0 0 0 0 0 0 0 0 0 0 0
152 0 0 0 0 0 0 0 0 0 0 0 0 0 0 0 0 0 0 0
153 0 0 0 0 0 0 0 0 0 0 0 0 0 0 0 0 0 0 0
154 0 0 0 0 0 0 0 0 0 0 0 0 0 0 0 0 0 0 0
155 0 0 0 0 0 0 0 0 0 0 0 0 0 0 0 0 0 0 0
156 0 0 0 0 0 0 0 0 0 0 0 0 0 0 0 0 0 0 0
157 0 0 0 0 0 0 0 0 0 0 0 0 0 0 0 0 0 0 0
158 0 0 0 0 0 0 0 0 0 0 0 0 0 0 0 0 0 0 0
159 0 0 0 0 0 0 0 0 0 0 0 0 0 0 0 0 0 0 0
160 0 0 0 0 0 0 0 0 0 0 0 0 0 0 0 0 0 0 0
161 0 0 0 0 0 0 0 0 0 0 0 0 0 0 0 0 0 0 0
162 0 0 0 0 0 0 0 0 0 0 0 0 0 0 0 0 0 0 0
163 17 0 0 0 0 1 16 0 0 0 0 0 0 0 0 0 0 0 0
164 17 0 0 0 0 0 17 0 0 0 0 0 0 0 0 0 0 0 0
165 0 0 0 0 0 0 0 0 0 0 0 0 0 0 0 0 0 0 0
166 0 0 0 0 0 0 0 0 0 0 0 0 0 0 0 0 0 0 0
167 17 0 1 0 0 0 16 1 1 1 0 0 0 0 0 0 0 0 0
168 0 0 0 0 0 0 0 0 0 0 0 0 0 0 0 0 0 0 0
169 0 0 0 0 0 0 0 0 0 0 0 0 0 0 0 0 0 0 0
170 0 0 0 0 0 0 0 0 0 0 0 0 0 0 0 0 0 0 0
171 0 0 0 0 0 0 0 0 0 0 0 0 0 0 0 0 0 0 0
172 0 0 0 0 0 0 0 0 0 0 0 0 0 0 0 0 0 0 0
173 0 0 0 0 0 0 0 0 0 0 0 0 0 0 0 0 0 0 0
174 0 0 0 0 0 0 0 0 0 0 0 0 0 0 0 0 0 0 0
175 0 0 0 0 0 0 0 0 0 0 0 0 0 0 0 0 0 0 0
176 0 0 0 0 0 0 0 0 0 0 0 0 0 0 0 0 0 0 0
177 0 0 0 0 0 0 0 0 0 0 0 0 0 0 0 0 0 0 0
178 0 0 0 0 0 0 0 0 0 0 0 0 0 0 0 0 0 0 0
179 0 0 0 0 0 0 0 0 0 0 0 0 0 0 0 0 0 0 0
180 0 0 0 0 0 0 0 0 0 0 0 0 0 0 0 0 0 0 0
181 0 0 0 0 0 0 0 0 0 0 0 0 0 0 0 0 0 0 0
182 0 0 0 0 0 0 0 0 0 0 0 0 0 0 0 0 0 0 0
183 0 0 0 0 0 0 0 0 0 0 0 0 0 0 0 0 0 0 0
184 0 0 0 0 0 0 0 0 0 0 0 0 0 0 0 0 0 0 0
185 0 0 0 0 0 0 0 0 0 0 0 0 0 0 0 0 0 0 0
186 17 0 0 0 0 0 17 0 0 0 0 0 0 0 0 0 0 0 0
187 0 0 0 0 0 0 0 0 0 0 0 0 0 0 0 0 0 0 0
188 0 0 0 0 0 0 0 0 0 0 0 0 0 0 0 0 0 0 0
189 17 0 0 0 0 0 17 0 0 0 0 0 0 0 0 0 0 0 0
190 0 0 0 0 0 0 0 0 0 0 0 0 0 0 0 0 0 0 0
191 0 0 0 0 0 0 0 0 0 0 0 0 0 0 0 0 0 0 0
192 0 0 0 0 0 0 0 0 0 0 0 0 0 0 0 0 0 0 0
193 0 0 0 0 0 0 0 0 0 0 0 0 0 0 0 0 0 0 0
194 0 0 0 0 0 0 0 0 0 0 0 0 0 0 0 0 0 0 0
195 0 0 0 0 0 0 0 0 0 0 0 0 0 0 0 0 0 0 0
196 0 0 0 0 0 0 0 0 0 0 0 0 0 0 0 0 0 0 0
197 0 0 0 0 0 0 0 0 0 0 0 0 0 0 0 0 0 0 0
198 17 1 0 0 0 0 16 1 1 1 0 0 0 0 0 0 0 0 0
199 0 0 0 0 0 0 0 0 0 0 0 0 0 0 0 0 0 0 0
200 17 0 0 2 0 0 15 0 0 0 0 0 0 0 0 0 0 0 0
201 0 0 0 0 0 0 0 0 0 0 0 0 0 0 0 0 0 0 0
202 0 0 0 0 0 0 0 0 0 0 0 0 0 0 0 0 0 0 0
203 0 0 0 0 0 0 0 0 0 0 0 0 0 0 0 0 0 0 0
204 0 0 0 0 0 0 0 0 0 0 0 0 0 0 0 0 0 0 0
205 0 0 0 0 0 0 0 0 0 0 0 0 0 0 0 0 0 0 0
206 0 0 0 0 0 0 0 0 0 0 0 0 0 0 0 0 0 0 0
207 0 0 0 0 0 0 0 0 0 0 0 0 0 0 0 0 0 0 0
208 0 0 0 0 0 0 0 0 0 0 0 0 0 0 0 0 0 0 0
209 0 0 0 0 0 0 0 0 0 0 0 0 0 0 0 0 0 0 0
210 0 0 0 0 0 0 0 0 0 0 0 0 0 0 0 0 0 0 0
211 0 0 0 0 0 0 0 0 0 0 0 0 0 0 0 0 0 0 0
212 0 0 0 0 0 0 0 0 0 0 0 0 0 0 0 0 0 0 0
213 0 0 0 0 0 0 0 0 0 0 0 0 0 0 0 0 0 0 0
214 0 0 0 0 0 0 0 0 0 0 0 0 0 0 0 0 0 0 0
215 0 0 0 0 0 0 0 0 0 0 0 0 0 0 0 0 0 0 0
216 0 0 0 0 0 0 0 0 0 0 0 0 0 0 0 0 0 0 0
217 0 0 0 0 0 0 0 0 0 0 0 0 0 0 0 0 0 0 0
218 0 0 0 0 0 0 0 0 0 0 0 0 0 0 0 0 0 0 0
219 0 0 0 0 0 0 0 0 0 0 0 0 0 0 0 0 0 0 0
220 0 0 0 0 0 0 0 0 0 0 0 0 0 0 0 0 0 0 0
221 0 0 0 0 0 0 0 0 0 0 0 0 0 0 0 0 0 0 0
222 0 0 0 0 0 0 0 0 0 0 0 0 0 0 0 0 0 0 0
223 0 0 0 0 0 0 0 0 0 0 0 0 0 0 0 0 0 0 0
224 0 0 0 0 0 0 0 0 0 0 0 0 0 0 0 0 0 0 0
225 0 0 0 0 0 0 0 0 0 0 0 0 0 0 0 0 0 0 0
226 0 0 0 0 0 0 0 0 0 0 0 0 0 0 0 0 0 0 0
227 0 0 0 0 0 0 0 0 0 0 0 0 0 0 0 0 0 0 0
228 0 0 0 0 0 0 0 0 0 0 0 0 0 0 0 0 0 0 0
229 0 0 0 0 0 0 0 0 0 0 0 0 0 0 0 0 0 0 0
230 0 0 0 0 0 0 0 0 0 0 0 0 0 0 0 0 0 0 0
231 0 0 0 0 0 0 0 0 0 0 0 0 0 0 0 0 0 0 0
232 0 0 0 0 0 0 0 0 0 0 0 0 0 0 0 0 0 0 0
233 0 0 0 0 0 0 0 0 0 0 0 0 0 0 0 0 0 0 0
234 0 0 0 0 0 0 0 0 0 0 0 0 0 0 0 0 0 0 0
235 0 0 0 0 0 0 0 0 0 0 0 0 0 0 0 0 0 0 0
236 0 0 0 0 0 0 0 0 0 0 0 0 0 0 0 0 0 0 0
237 0 0 0 0 0 0 0 0 0 0 0 0 0 0 0 0 0 0 0
238 0 0 0 0 0 0 0 0 0 0 0 0 0 0 0 0 0 0 0
239 0 0 0 0 0 0 0 0 0 0 0 0 0 0 0 0 0 0 0
240 0 0 0 0 0 0 0 0 0 0 0 0 0 0 0 0 0 0 0
241 0 0 0 0 0 0 0 0 0 0 0 0 0 0 0 0 0 0 0
242 0 0 0 0 0 0 0 0 0 0 0 0 0 0 0 0 0 0 0
243 0 0 0 0 0 0 0 0 0 0 0 0 0 0 0 0 0 0 0
244 0 0 0 0 0 0 0 0 0 0 0 0 0 0 0 0 0 0 0
245 0 0 0 0 0 0 0 0 0 0 0 0 0 0 0 0 0 0 0
246 0 0 0 0 0 0 0 0 0 0 0 0 0 0 0 0 0 0 0
247 0 0 0 0 0 0 0 0 0 0 0 0 0 0 0 0 0 0 0
248 0 0 0 0 0 0 0 0 0 0 0 0 0 0 0 0 0 0 0
249 0 0 0 0 0 0 0 0 0 0 0 0 0 0 0 0 0 0 0
250 17 1 0 1 0 0 15 1 1 1 0 0 0 0 0 0 0 0 0
251 17 1 0 1 0 0 15 1 1 1 0 0 0 0 0 0 0 0 0
252 0 0 0 0 0 0 0 0 0 0 0 0 0 0 0 0 0 0 0
253 17 1 0 1 0 0 15 1 1 1 0 0 0 0 0 0 0 0 0
254 0 0 0 0 0 0 0 0 0 0 0 0 0 0 0 0 0 0 0
255 0 0 0 0 0 0 0 0 0 0 0 0 0 0 0 0 0 0 0
256 17 0 1 1 0 0 15 1 1 1 0 0 0 0 0 0 0 0 0
257 0 0 0 0 0 0 0 0 0 0 0 0 0 0 0 0 0 0 0
258 0 0 0 0 0 0 0 0 0 0 0 0 0 0 0 0 0 0 0
259 0 0 0 0 0 0 0 0 0 0 0 0 0 0 0 0 0 0 0
260 0 0 0 0 0 0 0 0 0 0 0 0 0 0 0 0 0 0 0
261 0 0 0 0 0 0 0 0 0 0 0 0 0 0 0 0 0 0 0
262 0 0 0 0 0 0 0 0 0 0 0 0 0 0 0 0 0 0 0
263 0 0 0 0 0 0 0 0 0 0 0 0 0 0 0 0 0 0 0
264 0 0 0 0 0 0 0 0 0 0 0 0 0 0 0 0 0 0 0
265 0 0 0 0 0 0 0 0 0 0 0 0 0 0 0 0 0 0 0
266 0 0 0 0 0 0 0 0 0 0 0 0 0 0 0 0 0 0 0
267 0 0 0 0 0 0 0 0 0 0 0 0 0 0 0 0 0 0 0
268 17 0 0 2 0 0 15 0 0 0 0 0 0 0 0 0 0 0 0
269 0 0 0 0 0 0 0 0 0 0 0 0 0 0 0 0 0 0 0
270 0 0 0 0 0 0 0 0 0 0 0 0 0 0 0 0 0 0 0
271 17 1 0 1 0 0 15 1 1 1 0 0 0 0 0 0 0 0 0
272 0 0 0 0 0 0 0 0 0 0 0 0 0 0 0 0 0 0 0
273 34 0 1 2 0 0 31 1 1 1 0 0 0 0 0 0 0 0 0
274 17 0 0 0 0 0 17 0 0 0 0 0 0 0 0 0 0 0 0
275 17 0 0 0 0 0 17 0 0 0 0 0 0 0 0 0 0 0 0
276 36 0 4 5 0 0 27 4 4 1 0 0 0 0 0 0 0 0 0
277 27 0 0 0 0 0 27 0 0 0 0 0 0 0 0 0 0 0 0
278 17 0 1 1 0 0 15 1 1 1 0 0 0 0 0 0 0 0 0
279 78 7 7 9 0 0 55 14 13 2 35 35 1 13 11 7 31 31 1
280 85 8 5 18 0 0 54 13 13 1 56 56 1 7 39 6 52 52 1
281 80 4 6 14 0 0 56 10 8 3 42 42 1 16 8 10 34 34 1
282 84 7 8 13 0 0 56 15 15 1 40 40 1 15 22 3 40 40 1
283 119 5 13 17 0 0 84 18 14 5 44 44 1 36 0 0 36 36 1
284 84 4 14 13 0 0 53 18 16 3 34 34 1 26 0 0 26 26 1
285 92 5 19 17 0 0 51 24 24 1 53 53 1 35 8 10 53 53 1
286 122 11 17 16 0 0 78 28 28 1 62 62 1 32 17 13 62 62 1
287 105 5 20 17 0 0 63 25 24 2 65 65 1 42 11 11 64 64 1
288 131 11 18 16 0 0 86 29 27 3 57 57 1 36 13 13 62 62 1
289 140 9 16 16 0 0 99 25 22 4 46 46 1 28 10 8 46 46 1
290 100 8 16 17 0 0 59 24 24 1 62 62 1 32 13 13 58 58 1
291 125 8 19 18 0 0 80 27 26 2 61 61 1 35 13 13 61 61 1
292 105 10 13 16 0 0 66 23 20 3 63 63 1 24 25 8 57 57 1
293 113 10 15 18 0 0 70 25 24 2 66 66 1 43 8 10 61 61 1
294 125 10 15 20 0 0 80 25 23 3 61 61 1 26 17 13 56 56 1
295 112 3 19 18 0 0 72 22 21 2 56 56 1 48 0 0 48 48 1
296 143 12 17 23 0 0 91 29 25 4 72 72 1 24 34 13 71 71 1
297 133 2 19 22 0 0 90 21 16 6 55 55 1 58 0 0 58 58 1
298 94 4 18 17 0 0 55 22 22 1 64 64 1 54 7 7 68 68 1
299 146 15 26 19 0 0 86 41 39 3 89 89 1 54 17 13 84 84 1
300 104 8 16 18 0 0 62 24 24 1 52 52 1 17 21 16 54 54 1
301 104 5 15 20 0 0 64 20 19 2 62 62 1 25 20 14 59 59 1
302 135 10 24 21 0 0 80 34 30 4 77 77 1 58 0 0 58 58 1
303 149 10 32 21 0 0 86 42 41 2 74 74 1 40 17 17 74 74 1
304 210 12 31 39 0 0 128 43 34 10 102 102 1 51 29 16 96 96 1
305 192 11 41 31 0 0 109 52 48 4 101 101 1 64 25 20 109 109 1
306 137 13 25 26 0 0 73 38 38 1 94 94 1 44 28 23 95 95 1
307 189 11 49 26 0 0 103 60 58 3 120 120 1 68 24 18 110 110 1
308 180 18 37 26 0 0 99 55 54 2 113 113 1 59 37 19 115 115 1
309 226 26 41 41 0 0 118 67 65 3 150 150 1 67 49 44 160 160 1
310 212 21 39 44 0 0 108 60 58 2 130 130 1 73 27 33 133 133 1
311 211 22 45 29 0 0 115 67 64 4 125 125 1 70 22 38 130 130 1
312 237 26 46 39 0 0 126 72 69 4 145 145 1 71 31 46 148 148 1
313 231 28 50 38 0 0 115 78 76 3 152 152 1 73 46 31 150 150 1
314 246 29 52 36 0 1 128 81 80 2 170 170 1 74 66 25 165 165 1
315 225 25 47 43 0 0 110 72 69 4 161 161 1 72 54 36 162 162 1
316 196 20 43 28 0 0 105 63 61 3 128 128 1 60 34 23 117 117 1
317 239 24 42 40 0 0 133 66 61 6 145 145 1 59 66 27 152 152 1
318 201 28 38 33 0 0 102 66 66 1 151 151 1 64 56 28 148 148 1
319 192 21 35 38 0 0 98 56 56 1 124 124 1 52 48 25 125 125 1
320 221 19 46 45 0 1 110 65 59 5 143 143 1 82 37 27 146 146 1
321 244 27 41 40 0 0 136 68 60 9 128 128 1 54 56 27 137 137 1
322 259 33 57 38 0 1 130 90 86 3 171 171 1 88 56 29 173 173 1
323 247 27 55 39 0 0 126 82 78 4 151 151 1 72 50 28 150 150 1
324 202 27 35 28 0 0 112 62 62 1 130 130 1 48 54 26 128 128 1
325 204 13 35 36 0 1 119 48 44 5 118 118 1 75 24 22 121 121 1
326 254 26 45 44 0 0 139 71 70 2 154 154 1 80 43 39 162 162 1
327 215 16 44 40 0 0 115 60 57 4 130 130 1 68 33 28 129 129 1
328 186 22 32 31 0 0 101 54 52 3 115 115 1 48 45 24 117 117 1
329 235 28 45 40 0 0 122 73 71 3 165 165 1 54 60 33 147 147 1
330 177 19 32 32 0 0 94 51 50 2 106 106 1 46 37 24 107 107 1
331 231 20 48 41 0 0 122 68 66 3 147 147 1 69 41 22 132 132 1
332 200 23 43 33 0 0 101 66 66 1 152 152 1 66 39 30 135 135 1
333 199 18 41 40 0 0 100 59 56 2 123 123 1 75 27 26 128 128 1
334 244 28 49 41 0 0 126 77 75 2 162 162 1 86 42 31 159 159 1
335 206 23 43 28 0 0 112 66 66 1 146 146 1 75 36 33 144 144 1
336 243 30 52 47 0 1 113 82 77 4 164 164 1 65 59 45 169 169 1
337 239 24 56 43 0 0 116 80 78 3 162 162 1 82 38 33 153 153 1
338 210 29 41 38 0 0 102 70 69 2 138 138 1 59 54 34 147 147 1
339 246 29 51 48 0 0 118 80 76 3 152 152 1 73 50 36 159 159 1
340 249 23 52 40 0 0 134 75 73 3 131 131 1 64 51 24 139 139 1
341 261 30 48 49 0 0 134 78 73 4 174 174 1 87 51 32 170 170 1
342 220 25 44 46 0 0 105 69 67 3 157 157 1 76 57 28 161 161 1
343 209 25 38 36 0 0 110 63 61 3 145 145 1 55 57 30 142 142 1
344 239 21 55 40 0 0 123 76 73 3 161 161 1 68 50 36 154 154 1
345 176 18 29 23 0 0 106 47 44 4 96 96 1 57 25 13 95 95 1
346 234 27 47 35 0 0 125 74 73 2 145 145 1 59 57 30 146 146 1
347 287 28 53 44 0 0 162 81 77 4 160 160 1 85 44 40 169 169 1
348 209 19 37 32 0 0 121 56 53 4 126 126 1 66 36 23 125 125 1
349 237 22 47 42 0 0 126 69 67 3 146 146 1 85 23 38 146 146 1
350 211 24 38 32 0 0 117 62 60 3 149 149 1 60 46 32 138 138 1
351 205 25 38 39 0 0 103 63 61 3 134 134 1 52 36 33 121 121 1
352 181 23 30 30 0 0 98 53 52 2 121 121 1 47 42 28 117 117 1
353 239 25 42 47 0 0 125 67 60 8 135 135 1 76 38 24 138 138 1
354 197 15 41 33 0 0 108 56 53 3 128 128 1 74 26 22 122 122 1
355 179 23 31 31 0 0 94 54 52 3 123 123 1 47 42 25 114 114 1
356 207 24 43 31 0 0 109 67 66 2 139 139 1 74 43 27 144 144 1
357 209 19 38 43 0 0 109 57 54 3 113 113 1 49 41 23 113 113 1
358 191 16 40 35 0 0 100 56 54 3 120 120 1 66 31 25 122 122 1
359 208 25 33 31 0 0 119 58 55 4 134 134 1 69 41 26 136 136 1
360 212 27 41 28 0 0 116 68 65 3 143 143 1 68 46 25 139 139 1
361 182 19 35 25 0 0 103 54 54 1 110 110 1 52 43 22 117 117 1
362 188 25 29 28 0 0 106 54 52 3 118 118 1 44 46 30 120 120 1
363 187 20 34 28 0 0 105 54 52 2 125 125 1 61 43 19 123 123 1
364 159 19 34 21 0 0 85 53 52 2 81 81 1 43 29 17 89 89 1
365 166 17 34 32 0 0 83 51 49 3 109 109 1 59 31 20 110 110 1
366 230 23 41 36 0 0 130 64 59 5 130 130 1 78 31 25 134 134 1
367 230 25 47 37 0 0 121 72 69 4 150 150 1 75 40 29 144 144 1
368 219 19 55 35 0 0 110 74 74 1 149 149 1 93 30 27 150 150 1
369 184 16 43 27 0 0 98 59 59 1 115 115 1 75 19 19 113 113 1
370 205 18 52 35 0 0 100 70 70 1 147 147 1 94 25 21 140 140 1
371 172 11 39 26 0 0 96 50 50 1 130 130 1 93 12 14 119 119 1
372 244 22 52 37 0 0 133 74 70 4 161 161 1 93 37 31 161 161 1
373 179 15 44 24 0 0 96 59 59 1 127 127 1 76 26 23 125 125 1
374 175 15 36 29 0 0 95 51 48 4 118 118 1 78 19 19 116 116 1
375 144 8 29 19 0 0 88 37 36 2 108 108 1 68 9 13 90 90 1
376 163 18 26 31 0 0 88 44 40 5 113 113 1 63 31 23 117 117 1
377 168 13 37 31 0 0 87 50 50 1 118 118 1 73 15 26 114 114 1
378 188 18 40 31 0 0 99 58 58 1 137 137 1 91 30 22 143 143 1
379 172 19 37 24 0 0 92 56 55 2 115 115 1 59 27 22 108 108 1
380 160 20 33 23 0 0 84 53 52 2 122 122 1 56 31 26 113 113 1
381 190 18 47 30 0 0 95 65 65 1 137 137 1 90 32 19 141 141 1
382 181 21 43 27 0 0 90 64 64 1 139 139 1 75 42 25 142 142 1
383 149 12 31 26 0 0 80 43 43 1 97 97 1 37 24 24 85 85 1
384 229 27 49 38 0 0 115 76 76 1 166 166 1 94 36 26 156 156 1
385 242 35 50 43 0 0 114 85 84 2 171 171 1 63 64 45 172 172 1
386 249 32 55 37 0 0 125 87 83 4 179 179 1 106 42 31 179 179 1
387 278 51 55 45 0 0 127 106 106 1 215 215 1 82 94 38 214 214 1
388 297 51 66 46 0 0 134 117 116 2 212 212 1 94 85 48 227 227 1
389 325 62 57 63 0 0 143 119 115 5 234 234 1 82 109 44 235 235 1
390 351 71 62 57 0 0 161 133 130 4 258 258 1 97 115 51 263 263 1
391 384 81 83 62 0 0 158 164 164 1 308 308 1 96 134 67 297 297 1
392 431 99 92 60 1 0 179 191 191 1 338 338 1 110 152 76 338 338 1
393 405 89 78 64 0 0 174 167 164 3 325 325 1 85 157 68 310 310 1
394 417 94 86 71 0 1 165 180 180 1 333 333 1 109 155 69 333 333 1
395 422 96 89 64 0 0 173 185 184 2 346 346 1 100 168 75 343 343 1
396 438 99 84 73 0 1 181 183 179 5 348 348 1 114 169 70 353 353 1
397 406 100 83 52 0 1 170 183 182 2 319 319 1 104 157 62 323 323 1
398 441 111 84 74 0 1 171 195 195 1 365 365 1 93 182 89 364 364 1
399 449 101 96 71 0 0 181 197 197 1 352 352 1 112 182 65 359 359 1
400 465 106 98 74 0 2 185 204 204 1 354 354 1 100 188 68 356 356 1
401 425 107 89 61 0 1 167 196 195 2 337 337 1 101 184 58 343 343 1
402 445 104 101 59 0 0 181 205 204 2 348 348 1 122 165 71 358 358 1
403 454 106 96 70 0 0 182 202 200 3 360 360 1 104 174 81 359 359 1
404 448 108 82 71 0 1 186 190 186 4 352 352 1 110 171 70 351 351 1
405 452 112 93 64 2 0 181 205 203 3 343 343 1 121 159 71 351 351 1
406 423 96 83 66 0 0 178 179 177 3 346 346 1 117 154 81 352 352 1
407 431 99 91 63 0 0 178 190 189 2 343 343 1 115 164 64 343 343 1
408 427 93 94 65 0 0 175 187 187 1 335 335 1 129 150 73 352 352 1
409 418 98 91 60 0 0 169 189 186 3 321 321 1 107 159 61 327 327 1
410 442 107 96 68 0 1 170 203 203 1 356 356 1 135 154 71 360 360 1
411 446 103 99 68 0 0 176 202 201 2 351 351 1 109 161 81 351 351 1
412 440 100 89 72 0 0 179 189 184 6 358 358 1 110 184 69 363 363 1
413 487 119 103 82 0 0 183 222 222 1 369 369 1 100 198 76 374 374 1
414 486 110 108 74 0 1 193 218 218 1 375 375 1 123 180 85 388 388 1
415 471 106 104 77 0 0 184 210 209 2 388 388 1 130 176 84 390 390 1
416 458 106 100 66 0 0 186 206 202 5 366 366 1 124 171 72 367 367 1
417 460 107 93 69 0 0 191 200 196 5 368 368 1 102 181 79 362 362 1
418 496 113 112 81 0 2 188 225 218 7 397 397 1 127 187 81 395 395 1
419 504 115 110 73 0 0 206 225 223 3 387 387 1 125 176 93 394 394 1
420 494 107 101 89 0 0 197 208 203 5 389 389 1 123 177 93 393 393 1
421 484 114 98 73 0 0 199 212 210 3 391 391 1 137 174 90 401 401 1
422 494 117 108 85 0 0 184 225 222 4 402 402 1 125 190 93 408 408 1
423 485 108 104 86 0 0 187 212 212 1 389 389 1 128 170 86 384 384 1
424 465 96 101 84 0 0 184 197 193 4 383 383 1 116 186 72 374 374 1
425 509 110 127 82 0 0 190 237 234 4 422 422 1 151 172 95 418 418 1
426 483 112 115 63 0 0 193 227 227 1 397 397 1 165 155 85 405 405 1
427 493 110 118 69 0 0 196 228 226 3 407 407 1 157 157 84 398 398 1
428 484 103 116 74 0 0 191 219 216 4 382 382 1 149 145 95 389 389 1
429 503 112 115 83 0 0 193 227 225 3 417 417 1 169 157 93 419 419 1
430 500 101 115 87 0 0 197 216 212 5 406 406 1 145 168 89 402 402 1
431 472 105 93 75 0 0 199 198 194 4 385 385 1 135 175 73 383 383 1
432 508 106 115 93 0 0 194 221 216 6 404 404 1 171 157 84 412 412 1
433 540 126 133 79 0 0 202 259 257 3 449 449 1 166 179 95 440 440 1
434 583 141 140 86 0 0 216 281 277 5 461 461 1 152 205 106 463 463 1
435 579 130 147 82 0 0 220 277 276 2 484 484 1 178 185 126 489 489 1
436 608 145 141 100 0 0 222 286 286 1 505 505 1 168 221 111 500 500 1
437 620 153 145 100 0 0 222 298 297 2 520 520 1 167 222 133 522 522 1
438 610 150 145 89 0 0 226 295 294 2 503 503 1 176 193 129 498 498 1
439 632 157 161 92 0 0 222 318 316 3 534 534 1 183 224 119 526 526 1
440 662 167 165 84 0 0 246 332 327 6 534 534 1 176 228 120 524 524 1
441 598 145 135 95 0 2 221 280 279 2 482 482 1 160 217 109 486 486 1
442 640 154 160 94 0 0 232 314 309 4 525 525 1 188 217 118 523 523 1
443 613 150 138 99 0 0 226 288 286 3 498 498 1 177 187 138 502 502 1
444 672 161 186 95 0 0 230 347 343 5 572 572 1 223 194 158 575 575 1
445 710 182 189 97 0 0 242 371 371 1 617 617 1 232 205 163 600 600 1
446 709 173 185 96 0 0 255 358 357 2 604 604 1 226 193 179 598 598 1
447 752 205 218 97 0 0 232 423 423 1 679 679 1 227 229 205 661 661 1
448 787 200 228 106 0 2 251 428 428 1 673 673 1 254 220 211 685 685 1
449 742 197 218 86 0 1 240 415 415 1 656 656 1 211 229 207 647 647 1
450 796 216 238 95 0 1 246 454 454 1 703 703 1 246 240 215 701 701 1
451 758 213 230 80 0 1 234 443 442 2 681 681 1 234 231 215 680 680 1
452 771 220 231 85 0 0 235 451 451 1 683 683 1 225 234 213 672 672 1
453 788 221 233 90 0 1 243 454 453 2 699 699 1 226 249 223 698 698 1
454 756 202 224 102 0 0 228 426 425 2 664 664 1 244 226 203 673 673 1
455 757 201 236 81 0 0 239 437 437 1 660 660 1 248 221 195 664 664 1
456 772 215 244 76 0 0 237 459 458 2 705 705 1 237 237 215 689 689 1
457 737 192 222 90 0 1 232 414 413 2 642 642 1 234 220 206 660 660 1
458 781 216 237 82 0 0 246 453 453 1 699 699 1 246 223 210 679 679 1
459 800 224 250 83 0 0 243 474 474 1 696 696 1 245 248 197 690 690 1
460 778 214 233 92 0 1 238 447 447 1 681 681 1 242 239 203 684 684 1
461 777 219 233 96 0 0 229 452 452 1 682 682 1 246 231 195 672 672 1
462 795 216 242 94 0 0 243 458 457 2 709 709 1 231 261 216 708 708 1
463 760 206 229 91 0 1 233 435 433 3 645 645 1 235 217 198 650 650 1
464 794 214 253 92 0 0 235 467 467 1 712 712 1 247 242 204 693 693 1
465 794 219 246 88 0 0 241 465 464 2 705 705 1 260 239 201 700 700 1
466 790 218 242 90 0 0 240 460 460 1 688 688 1 235 247 199 681 681 1
467 800 220 246 97 0 0 237 466 466 1 712 712 1 222 250 230 702 702 1
468 808 226 254 85 0 1 242 480 480 1 716 716 1 250 240 214 704 704 1
469 804 228 249 84 0 1 242 477 477 1 708 708 1 252 237 215 704 704 1
470 769 211 232 99 0 1 226 443 441 3 676 676 1 249 227 195 671 671 1
471 819 225 251 89 0 0 254 476 475 2 695 695 1 261 219 230 710 710 1
472 830 234 256 97 0 0 243 490 490 1 734 734 1 251 231 243 725 725 1
473 822 234 249 91 0 0 248 483 480 3 721 721 1 232 256 231 719 719 1
474 842 234 268 98 0 0 242 502 501 2 718 718 1 258 244 234 736 736 1
475 819 231 247 99 0 0 242 478 476 3 736 736 1 242 250 237 729 729 1
476 816 227 256 97 0 1 235 483 483 1 746 746 1 240 257 251 748 748 1
477 828 239 252 92 0 0 245 491 490 2 741 741 1 248 255 241 744 744 1
478 821 232 243 97 0 1 248 475 475 1 716 716 1 232 264 224 720 720 1
479 824 233 249 99 0 0 243 482 482 1 744 744 1 236 254 258 748 748 1
480 824 236 241 100 0 1 246 477 475 3 725 725 1 239 258 231 728 728 1
481 760 209 218 96 0 1 236 427 427 1 667 667 1 219 236 208 663 663 1
482 775 205 233 111 0 0 226 438 436 3 690 690 1 219 241 234 694 694 1
483 766 206 231 95 0 0 234 437 435 3 675 675 1 240 238 198 676 676 1
484 793 203 248 106 0 1 235 451 451 1 698 698 1 259 233 206 698 698 1
485 824 221 250 108 0 1 244 471 469 3 713 713 1 241 249 230 720 720 1
486 771 209 226 98 0 0 238 435 434 2 685 685 1 232 250 202 684 684 1
487 778 219 241 89 0 0 229 460 460 1 698 698 1 236 245 206 687 687 1
488 798 222 253 75 0 0 248 475 475 1 702 702 1 235 254 204 693 693 1
489 786 215 246 78 0 0 247 461 459 3 683 683 1 246 238 200 684 684 1
490 794 222 236 93 0 0 243 458 457 2 691 691 1 222 251 224 697 697 1
491 825 228 255 100 0 0 242 483 483 1 731 731 1 248 254 226 728 728 1
492 799 210 242 96 0 1 250 452 448 5 705 705 1 233 245 213 691 691 1
493 808 231 244 99 0 1 233 475 475 1 701 701 1 217 258 220 695 695 1
494 817 227 248 97 0 0 245 475 475 1 705 705 1 245 244 215 704 704 1
495 831 228 260 93 0 0 250 488 486 3 716 716 1 233 257 225 715 715 1
496 770 210 243 80 0 0 237 453 453 1 670 670 1 237 224 202 663 663 1
497 804 213 249 94 0 0 248 462 461 2 692 692 1 222 258 215 695 695 1
498 841 226 259 90 0 0 266 485 482 4 724 724 1 246 262 224 732 732 1
499 830 233 259 93 0 0 245 492 492 1 718 718 1 244 253 216 713 713 1
500 800 213 246 94 0 0 247 459 458 2 706 706 1 262 237 197 696 696 1
501 778 203 240 96 0 0 239 443 443 1 682 682 1 271 200 200 671 671 1
502 796 223 245 87 0 0 241 468 468 1 683 683 1 246 243 199 688 688 1
503 791 219 243 91 0 0 238 462 461 2 694 694 1 233 240 214 687 687 1
504 787 209 248 87 0 0 243 457 455 3 676 676 1 235 246 197 678 678 1
505 790 217 245 94 0 0 234 462 462 1 684 684 1 228 245 202 675 675 1
506 820 222 261 83 0 0 254 483 483 1 709 709 1 240 246 215 701 701 1
507 787 214 241 103 0 0 229 455 455 1 686 686 1 252 238 197 687 687 1
508 766 207 226 102 0 0 231 433 431 3 661 661 1 240 220 206 666 666 1
509 765 199 241 98 0 1 226 440 440 1 666 666 1 241 215 210 666 666 1
510 771 201 238 83 0 0 249 439 438 2 674 674 1 221 229 214 664 664 1
511 781 201 248 90 0 1 241 449 449 1 677 677 1 243 226 198 667 667 1
512 815 207 252 110 0 0 246 459 457 2 692 692 1 256 213 225 694 694 1
513 820 211 250 102 0 0 257 461 456 5 693 693 1 245 214 230 689 689 1
514 815 226 255 88 0 0 246 481 481 1 716 716 1 230 247 229 706 706 1
515 795 211 251 93 0 0 240 462 460 3 699 699 1 235 233 225 693 693 1
516 768 186 220 125 0 0 237 406 406 1 643 643 1 220 218 211 649 649 1
517 790 206 234 110 0 0 240 440 438 3 671 671 1 214 235 216 665 665 1
518 802 217 236 101 0 0 248 453 452 2 673 673 1 255 215 210 680 680 1
519 790 202 228 109 0 0 251 430 427 4 674 674 1 229 219 221 669 669 1
520 779 196 227 104 0 0 252 423 422 2 674 674 1 220 225 220 665 665 1
521 775 197 228 101 0 0 249 425 423 3 664 664 1 231 217 211 659 659 1
522 794 203 235 100 0 1 255 438 435 4 666 666 1 226 225 207 658 658 1
523 756 205 221 90 0 0 240 426 423 4 650 650 1 228 219 205 652 652 1
524 837 226 260 100 0 0 251 486 485 2 718 718 1 257 225 239 721 721 1
525 825 219 254 97 0 0 255 473 471 3 720 720 1 239 230 247 716 716 1
526 869 230 272 108 0 0 259 502 500 2 763 763 1 255 248 256 759 759 1
527 838 232 259 102 0 0 245 491 491 1 737 737 1 216 270 252 738 738 1
528 850 230 266 100 0 1 253 496 495 2 743 743 1 254 225 264 743 743 1
529 826 217 264 94 0 0 251 481 481 1 726 726 1 246 226 254 726 726 1
530 847 220 257 101 0 2 267 477 473 5 729 729 1 230 219 285 734 734 1
531 769 201 230 96 0 1 241 431 431 1 669 669 1 251 201 217 669 669 1
532 761 195 229 100 0 0 237 424 422 3 663 663 1 243 198 224 665 665 1
533 758 177 237 99 0 0 245 414 411 4 651 651 1 224 208 208 640 640 1
534 810 213 251 98 0 0 248 464 464 1 699 699 1 201 253 257 711 711 1
535 771 193 226 94 0 1 257 419 417 3 659 659 1 233 211 232 676 676 1
536 775 192 234 91 0 0 258 426 423 4 661 661 1 242 220 211 673 673 1
537 769 205 236 93 0 0 235 441 440 2 677 677 1 238 207 237 682 682 1
538 762 200 232 93 0 1 236 432 429 4 673 673 1 223 223 233 679 679 1
539 768 187 223 113 0 0 245 410 408 3 671 671 1 231 221 230 682 682 1
540 720 181 225 90 0 0 224 406 404 3 628 628 1 248 182 184 614 614 1
541 735 179 233 94 0 0 229 412 411 2 630 630 1 254 190 194 638 638 1
542 724 186 217 93 0 0 228 403 402 2 642 642 1 249 180 204 633 633 1
543 765 204 247 82 0 1 231 451 449 3 667 667 1 214 220 241 675 675 1
544 826 215 257 105 0 1 248 472 472 1 719 719 1 245 206 276 727 727 1
545 822 220 235 117 0 0 250 455 451 5 721 721 1 260 210 246 716 716 1
546 870 237 260 117 0 0 256 497 497 1 761 761 1 237 242 287 766 766 1
547 855 247 277 92 0 1 238 524 522 2 759 759 1 244 220 299 763 763 1
548 868 236 285 105 0 1 241 521 521 1 765 765 1 236 242 300 778 778 1
549 847 229 278 102 0 1 237 507 506 2 741 741 1 248 211 287 746 746 1
550 870 240 283 94 0 1 252 523 520 3 754 754 1 249 226 286 761 761 1
551 925 255 297 111 0 0 262 552 551 2 810 810 1 235 264 317 816 816 1
552 924 256 296 113 0 1 258 552 550 3 808 808 1 229 236 348 813 813 1
553 904 245 293 107 0 2 257 538 536 3 792 792 1 251 231 316 798 798 1
554 930 256 293 122 0 1 258 549 544 6 825 825 1 246 240 360 846 846 1
555 984 267 327 116 0 1 273 594 592 3 864 864 1 266 226 384 876 876 1
556 937 256 307 121 0 0 253 563 560 4 837 837 1 235 248 359 842 842 1
557 946 244 312 129 0 1 260 556 555 2 835 835 1 234 226 387 847 847 1
558 950 268 324 108 0 2 248 592 592 1 839 839 1 240 214 395 849 849 1
559 941 251 323 110 0 1 256 574 573 2 857 857 1 257 213 392 862 862 1
560 974 274 332 106 0 1 261 606 602 5 888 888 1 247 222 423 892 892 1
561 1027 291 358 128 0 0 250 649 649 1 935 935 1 273 222 438 933 933 1
562 1029 285 355 121 0 0 268 640 639 2 910 910 1 281 225 427 933 933 1
563 993 292 335 116 0 1 249 627 622 6 899 899 1 251 230 425 906 906 1
564 1010 286 357 115 0 0 252 643 641 3 926 926 1 273 230 427 930 930 1
565 1040 300 364 108 0 0 268 664 662 3 925 925 1 279 222 450 951 951 1
566 1091 312 381 125 0 1 272 693 691 3 981 981 1 270 251 453 974 974 1
567 1103 318 388 136 0 3 258 706 704 3 991 991 1 267 261 467 995 995 1
568 1060 283 346 158 1 2 270 629 624 6 941 941 1 262 254 435 951 951 1
569 1092 311 385 134 1 1 260 696 694 3 993 993 1 274 235 488 997 997 1
570 1092 314 380 139 1 2 256 694 692 2 989 989 1 283 246 466 995 995 1
571 1079 307 371 137 1 2 261 678 671 5 952 952 1 260 248 458 966 966 1
572 1106 322 395 119 1 1 268 717 716 2 985 985 1 264 257 471 992 992 1
573 1093 313 386 135 0 0 259 699 699 1 977 977 1 274 238 476 988 988 1
574 1120 330 406 123 0 4 257 736 736 1 1011 1011 1 288 242 481 1011 1011 1
575 1100 309 398 127 1 0 265 707 706 2 991 991 1 284 249 470 1003 1003 1
576 1133 324 403 136 1 3 266 727 726 2 1024 1024 1 294 233 512 1039 1039 1
577 1134 314 384 160 0 4 272 698 697 2 1000 1000 1 285 253 468 1006 1006 1
578 1148 325 405 139 1 0 278 730 729 2 1014 1014 1 282 235 501 1018 1018 1
579 1110 320 407 125 0 1 257 727 725 3 1000 1000 1 299 229 479 1007 1007 1
580 1178 348 423 142 1 1 263 771 767 3 1092 1092 1 308 267 521 1096 1096 1
581 1143 328 382 160 1 1 271 710 707 4 1028 1028 1 276 257 510 1043 1043 1
582 1234 370 464 141 0 3 256 834 832 3 1127 1127 1 322 251 559 1132 1132 1
583 1272 385 457 168 1 2 259 842 840 3 1160 1160 1 336 271 568 1175 1175 1
584 1244 389 453 149 0 1 252 842 836 7 1164 1164 1 308 298 557 1163 1163 1
585 1247 360 452 174 0 2 259 812 809 4 1170 1170 1 353 265 562 1180 1180 1
586 1250 387 468 136 0 2 257 855 854 2 1187 1187 1 354 264 564 1182 1182 1
587 1258 375 462 164 0 2 255 837 835 3 1173 1173 1 336 263 585 1184 1184 1
588 1288 385 427 205 0 5 266 812 808 5 1176 1176 1 327 288 586 1201 1201 1
589 1250 355 426 184 1 3 281 781 779 3 1140 1140 1 312 271 567 1150 1150 1
590 1257 376 474 150 0 0 257 850 848 3 1167 1167 1 361 242 579 1182 1182 1
591 1246 360 464 160 0 0 262 824 820 5 1139 1139 1 366 224 557 1147 1147 1
592 1320 400 498 166 1 2 253 898 895 4 1217 1217 1 345 260 626 1231 1231 1
593 1307 366 464 205 0 3 269 830 826 5 1203 1203 1 380 258 597 1235 1235 1
594 1311 393 497 176 0 1 244 890 888 3 1185 1185 1 375 227 611 1213 1213 1
595 1319 404 533 146 0 1 235 937 933 4 1235 1235 1 378 254 606 1238 1238 1
596 1310 389 516 164 1 0 240 905 901 5 1225 1225 1 401 218 597 1216 1216 1
597 1283 383 497 154 0 2 247 880 875 6 1193 1193 1 372 235 598 1205 1205 1
598 1235 358 479 138 0 1 259 837 835 3 1157 1157 1 371 225 561 1157 1157 1
599 1247 352 485 162 0 3 245 837 832 6 1146 1146 1 383 220 552 1155 1155 1
600 1222 353 482 129 0 2 256 835 834 2 1121 1121 1 368 209 538 1115 1115 1
601 1256 360 468 169 0 1 258 828 824 5 1156 1156 1 414 207 550 1171 1171 1
602 1260 389 499 133 0 0 239 888 886 3 1184 1184 1 384 221 579 1184 1184 1
603 1258 393 515 123 1 1 225 908 908 1 1177 1177 1 407 211 571 1189 1189 1
604 1244 362 472 153 0 0 257 834 833 2 1160 1160 1 398 218 555 1171 1171 1
605 1233 355 489 143 0 0 246 844 842 3 1160 1160 1 377 225 573 1175 1175 1
606 1270 404 506 127 0 2 231 910 905 5 1179 1179 1 377 233 588 1198 1198 1
607 1258 395 491 140 0 0 232 886 885 2 1162 1162 1 377 231 561 1169 1169 1
608 1277 401 522 140 0 0 214 923 920 4 1187 1187 1 401 222 581 1204 1204 1
609 1260 397 518 125 0 2 218 915 914 2 1179 1179 1 403 235 562 1200 1200 1
610 1263 402 513 132 0 0 216 915 915 1 1183 1183 1 419 218 562 1199 1199 1
611 1244 377 490 150 0 0 227 867 865 2 1158 1158 1 387 240 537 1164 1164 1
612 1264 397 520 124 0 1 222 917 916 2 1199 1199 1 426 212 573 1211 1211 1
613 1264 376 508 126 0 0 254 884 882 3 1169 1169 1 412 198 563 1173 1173 1
614 1262 400 513 119 0 1 229 913 911 3 1174 1174 1 410 214 566 1190 1190 1
615 1251 396 515 120 0 1 219 911 911 1 1181 1181 1 401 233 549 1183 1183 1
616 1243 395 516 111 0 0 221 911 909 3 1171 1171 1 415 218 547 1180 1180 1
617 1260 400 523 112 0 0 225 923 923 1 1188 1188 1 415 227 546 1188 1188 1
618 1254 388 501 139 0 1 225 889 888 2 1180 1180 1 398 228 555 1181 1181 1
619 1234 379 484 139 0 0 232 863 861 3 1161 1161 1 397 211 559 1167 1167 1
620 1260 402 531 106 0 2 219 933 933 1 1201 1201 1 405 225 573 1203 1203 1
621 1243 384 519 121 0 0 219 903 899 5 1176 1176 1 407 215 558 1180 1180 1
622 1246 399 514 107 0 0 226 913 911 3 1167 1167 1 396 221 554 1171 1171 1
623 1243 398 510 107 0 0 228 908 907 2 1166 1166 1 403 221 545 1169 1169 1
624 1257 404 521 115 0 0 217 925 924 2 1182 1182 1 399 229 562 1190 1190 1
625 1223 361 471 155 0 0 236 832 831 2 1142 1142 1 380 223 533 1136 1136 1
626 1274 409 536 112 0 1 216 945 944 2 1204 1204 1 410 218 576 1204 1204 1
627 1274 411 539 104 0 0 220 950 949 2 1207 1207 1 400 225 589 1214 1214 1
628 1273 427 541 92 0 1 212 968 968 1 1204 1204 1 423 215 578 1216 1216 1
629 1266 414 537 108 0 0 207 951 948 4 1189 1189 1 412 217 567 1196 1196 1
630 1240 396 516 109 0 0 219 912 912 1 1162 1162 1 393 222 554 1169 1169 1
631 1245 401 515 113 0 0 216 916 912 5 1172 1172 1 390 233 551 1174 1174 1
632 1264 411 517 126 0 2 208 928 927 2 1196 1196 1 421 209 579 1209 1209 1
633 1241 366 468 165 0 2 240 834 831 4 1160 1160 1 404 223 529 1156 1156 1
634 1218 385 492 129 0 0 212 877 877 1 1152 1152 1 396 226 531 1153 1153 1
635 1235 394 516 109 0 2 214 910 908 3 1162 1162 1 414 215 555 1184 1184 1
636 1230 395 484 107 0 0 244 879 874 6 1144 1144 1 385 242 513 1140 1140 1
637 1228 398 509 109 0 0 212 907 907 1 1160 1160 1 414 224 527 1165 1165 1
638 1257 414 525 104 0 1 213 939 938 2 1188 1188 1 405 229 556 1190 1190 1
639 1237 407 509 103 0 0 218 916 916 1 1160 1160 1 384 228 551 1163 1163 1
640 1241 404 517 109 1 0 210 921 919 3 1178 1178 1 410 220 550 1180 1180 1
641 1256 410 529 111 0 0 206 939 938 2 1174 1174 1 402 222 558 1182 1182 1
642 1249 411 514 114 0 3 207 925 925 1 1174 1174 1 409 224 551 1184 1184 1
643 1278 406 518 143 0 2 209 924 921 4 1194 1194 1 407 230 576 1213 1213 1
644 1242 372 478 172 0 1 219 850 847 4 1152 1152 1 391 225 542 1158 1158 1
645 1219 373 449 157 0 1 239 822 820 3 1143 1143 1 384 222 550 1156 1156 1
646 1262 394 496 151 0 2 219 890 888 3 1170 1170 1 398 223 560 1181 1181 1
647 1259 418 515 124 0 1 201 933 931 3 1180 1180 1 402 213 582 1197 1197 1
648 1264 426 526 106 0 1 205 952 952 1 1188 1188 1 391 233 570 1194 1194 1
649 1250 391 478 155 0 1 225 869 866 4 1179 1179 1 398 231 560 1189 1189 1
650 1270 421 521 113 0 2 213 942 942 1 1165 1165 1 390 231 557 1178 1178 1
651 1287 429 542 119 0 0 197 971 971 1 1199 1199 1 406 215 583 1204 1204 1
652 1259 410 504 129 0 1 215 914 913 2 1176 1176 1 385 239 560 1184 1184 1
653 1237 402 480 129 0 2 224 882 880 3 1166 1166 1 386 225 562 1173 1173 1
654 1249 397 482 147 0 2 221 879 876 4 1186 1186 1 415 218 561 1194 1194 1
655 1238 375 461 155 0 0 247 836 835 2 1164 1164 1 398 228 537 1163 1163 1
656 1242 391 469 156 0 1 225 860 859 2 1158 1158 1 393 238 537 1168 1168 1
657 1266 414 518 124 0 2 208 932 931 2 1169 1169 1 399 227 566 1192 1192 1
658 1263 422 520 107 0 1 213 942 942 1 1188 1188 1 389 244 565 1198 1198 1
659 1241 411 493 110 1 0 226 904 903 2 1186 1186 1 394 236 548 1178 1178 1
660 1276 421 533 106 0 1 215 954 952 3 1207 1207 1 399 230 576 1205 1205 1
661 1266 412 523 119 0 1 211 935 935 1 1178 1178 1 415 219 547 1181 1181 1
662 1247 405 518 107 0 1 216 923 923 1 1168 1168 1 412 223 542 1177 1177 1
663 1258 421 516 106 0 2 213 937 937 1 1186 1186 1 380 235 574 1189 1189 1
664 1266 412 529 107 0 1 217 941 939 3 1198 1198 1 398 224 568 1190 1190 1
665 1277 413 525 107 0 3 229 938 937 2 1191 1191 1 413 223 554 1190 1190 1
666 1258 411 520 108 0 0 219 931 930 2 1180 1180 1 395 220 577 1192 1192 1
667 1272 424 526 110 0 2 210 950 949 2 1194 1194 1 404 228 567 1199 1199 1
668 1286 420 528 124 0 1 213 948 946 3 1198 1198 1 405 226 573 1204 1204 1
669 1283 416 541 114 0 3 209 957 957 1 1195 1195 1 409 229 560 1198 1198 1
670 1271 412 525 130 0 0 204 937 937 1 1180 1180 1 390 228 568 1186 1186 1
671 1260 416 520 118 0 1 205 936 935 2 1183 1183 1 410 228 556 1194 1194 1
672 1260 412 524 112 0 1 211 936 936 1 1182 1182 1 387 235 552 1174 1174 1
673 1280 416 538 121 0 2 203 954 953 2 1203 1203 1 397 232 580 1209 1209 1
674 1277 422 525 113 0 0 217 947 947 1 1211 1211 1 413 220 574 1207 1207 1
675 1265 417 527 110 0 2 209 944 944 1 1186 1186 1 407 218 564 1189 1189 1
676 1260 403 523 120 0 0 214 926 924 3 1192 1192 1 412 223 561 1196 1196 1
677 1272 414 524 122 0 2 210 938 938 1 1208 1208 1 398 231 577 1206 1206 1
678 1275 413 531 122 0 0 209 944 944 1 1192 1192 1 402 229 565 1196 1196 1
679 1256 395 510 141 0 3 207 905 903 3 1169 1169 1 408 225 545 1178 1178 1
680 1285 414 541 113 0 2 215 955 955 1 1204 1204 1 406 225 572 1203 1203 1
681 1266 399 515 141 0 2 209 914 912 3 1188 1188 1 405 228 554 1187 1187 1
682 1272 417 535 110 0 1 209 952 952 1 1191 1191 1 423 216 564 1203 1203 1
683 1265 412 524 110 0 1 218 936 936 1 1186 1186 1 400 230 560 1190 1190 1
684 1266 415 532 108 0 3 208 947 947 1 1191 1191 1 402 223 561 1186 1186 1
685 1258 406 511 116 0 0 225 917 917 1 1185 1185 1 403 222 564 1189 1189 1
686 1267 407 538 114 0 0 208 945 945 1 1183 1183 1 405 216 566 1187 1187 1
687 1274 409 540 117 0 2 206 949 949 1 1202 1202 1 413 218 580 1211 1211 1
688 1256 418 539 97 0 0 202 957 957 1 1190 1190 1 414 214 561 1189 1189 1
689 1268 422 548 99 0 0 199 970 970 1 1206 1206 1 410 223 576 1209 1209 1
690 1269 414 525 119 0 1 210 939 938 2 1195 1195 1 400 229 569 1198 1198 1
691 1273 414 530 122 0 0 207 944 944 1 1190 1190 1 412 218 568 1198 1198 1
692 1276 426 545 101 0 0 204 971 971 1 1201 1201 1 401 233 575 1209 1209 1
693 1261 421 533 99 0 0 208 954 954 1 1188 1188 1 406 228 566 1200 1200 1
694 1267 425 533 105 0 0 204 958 958 1 1197 1197 1 418 224 561 1203 1203 1
695 1251 408 530 108 0 1 204 938 938 1 1185 1185 1 407 225 552 1184 1184 1
696 1270 417 541 105 0 1 206 958 958 1 1209 1209 1 415 217 570 1202 1202 1
697 1249 407 504 133 0 1 204 911 911 1 1172 1172 1 402 225 557 1184 1184 1
698 1258 413 536 103 0 0 206 949 949 1 1187 1187 1 396 238 552 1186 1186 1
699 1223 400 497 121 0 1 204 897 897 1 1153 1153 1 386 239 522 1147 1147 1
700 1248 408 529 104 0 2 205 937 937 1 1183 1183 1 405 216 565 1186 1186 1
701 1253 411 528 101 0 0 213 939 939 1 1179 1179 1 406 236 537 1179 1179 1
702 1252 422 532 98 1 0 199 954 954 1 1180 1180 1 395 231 556 1182 1182 1
703 1262 422 532 106 0 0 202 954 954 1 1191 1191 1 423 213 565 1201 1201 1
704 1255 422 532 93 1 0 207 954 954 1 1184 1184 1 402 223 558 1183 1183 1
705 1242 417 515 109 0 0 201 932 932 1 1168 1168 1 391 231 543 1165 1165 1
706 1246 419 527 94 0 0 206 946 946 1 1183 1183 1 408 220 557 1185 1185 1
707 1256 409 511 126 0 0 210 920 920 1 1183 1183 1 393 241 551 1185 1185 1
708 1276 414 543 103 0 2 214 957 957 1 1193 1193 1 389 238 575 1202 1202 1
709 1254 409 539 112 0 1 193 948 947 2 1188 1188 1 404 227 557 1188 1188 1
710 1235 402 519 96 0 2 216 921 921 1 1174 1174 1 405 217 553 1175 1175 1
711 1264 423 518 121 0 1 201 941 941 1 1185 1185 1 400 217 569 1186 1186 1
712 1244 404 511 120 0 0 209 915 915 1 1179 1179 1 390 236 551 1177 1177 1
713 1265 424 544 99 1 1 196 968 968 1 1197 1197 1 413 219 561 1193 1193 1
714 1255 415 523 122 0 0 195 938 937 2 1194 1194 1 404 233 558 1195 1195 1
715 1254 413 517 121 0 1 202 930 930 1 1189 1189 1 402 230 561 1193 1193 1
716 1264 425 525 117 0 0 197 950 950 1 1188 1188 1 396 234 561 1191 1191 1
717 1268 427 538 98 0 0 205 965 965 1 1191 1191 1 400 225 573 1198 1198 1
718 1267 420 547 103 1 0 196 967 967 1 1193 1193 1 410 222 573 1205 1205 1
719 1266 417 544 100 0 1 204 961 961 1 1202 1202 1 406 220 577 1203 1203 1
720 1267 415 520 114 0 0 218 935 934 2 1184 1184 1 402 224 571 1197 1197 1
721 1270 426 556 90 0 1 197 982 982 1 1200 1200 1 416 210 583 1209 1209 1
722 1273 421 550 103 0 0 199 971 971 1 1207 1207 1 403 228 576 1207 1207 1
723 1261 420 543 96 0 2 200 963 963 1 1197 1197 1 402 223 569 1194 1194 1
724 1268 424 537 104 0 0 203 961 961 1 1209 1209 1 394 233 581 1208 1208 1
725 1254 395 521 132 1 0 205 916 916 1 1183 1183 1 408 215 566 1189 1189 1
726 1269 419 553 98 0 4 195 972 972 1 1206 1206 1 415 214 575 1204 1204 1
727 1268 421 546 99 0 2 200 967 967 1 1210 1210 1 414 202 590 1206 1206 1
728 1275 418 547 109 0 1 200 965 965 1 1199 1199 1 421 209 571 1201 1201 1
729 1269 413 537 116 0 1 202 950 950 1 1198 1198 1 411 227 558 1196 1196 1
730 1252 413 528 105 0 1 205 941 940 2 1177 1177 1 404 223 555 1182 1182 1
731 1259 419 532 101 0 1 206 951 951 1 1198 1198 1 405 230 566 1201 1201 1
732 1255 399 486 151 0 1 218 885 883 3 1175 1175 1 408 218 549 1175 1175 1
733 1250 414 521 113 1 0 201 935 935 1 1186 1186 1 398 233 561 1192 1192 1
734 1258 422 542 90 0 2 202 964 964 1 1196 1196 1 410 223 559 1192 1192 1
735 1265 427 548 93 1 2 194 975 975 1 1203 1203 1 411 220 576 1207 1207 1
736 1245 422 531 91 0 1 200 953 953 1 1192 1192 1 400 225 559 1184 1184 1
737 1263 422 528 109 0 1 203 950 950 1 1200 1200 1 404 229 561 1194 1194 1
738 1255 422 528 106 0 2 197 950 950 1 1198 1198 1 395 231 559 1185 1185 1
739 1243 413 514 116 0 1 199 927 927 1 1178 1178 1 407 222 553 1182 1182 1
740 1263 424 529 111 0 0 199 953 953 1 1204 1204 1 401 228 564 1193 1193 1
741 1253 424 531 103 0 2 193 955 955 1 1195 1195 1 404 225 571 1200 1200 1
742 1260 411 536 100 1 1 211 947 947 1 1193 1193 1 404 224 569 1197 1197 1
743 1264 424 533 107 0 1 199 957 956 2 1198 1198 1 405 233 561 1199 1199 1
744 1259 420 542 101 0 1 195 962 962 1 1199 1199 1 406 223 568 1197 1197 1
745 1257 419 541 96 0 1 200 960 960 1 1190 1190 1 401 228 559 1188 1188 1
746 1260 424 541 87 0 1 207 965 965 1 1203 1203 1 413 218 569 1200 1200 1
747 1265 426 549 90 0 1 199 975 975 1 1208 1208 1 397 231 573 1201 1201 1
748 1252 422 525 99 0 0 206 947 947 1 1192 1192 1 400 219 571 1190 1190 1
749 1244 419 527 93 0 1 204 946 946 1 1194 1194 1 405 222 569 1196 1196 1
750 1274 425 545 100 0 1 203 970 970 1 1200 1200 1 398 228 571 1197 1197 1
751 1246 422 517 101 0 1 205 939 939 1 1192 1192 1 407 219 563 1189 1189 1
752 1259 425 540 98 0 1 195 965 965 1 1200 1200 1 411 213 578 1202 1202 1
753 1232 402 521 96 0 0 213 923 923 1 1171 1171 1 397 226 547 1170 1170 1
754 1228 408 520 93 0 1 206 928 928 1 1168 1168 1 393 238 538 1169 1169 1
755 1246 405 507 128 1 0 205 912 911 2 1187 1187 1 411 221 560 1192 1192 1
756 1268 419 533 109 0 0 207 952 952 1 1198 1198 1 397 227 571 1195 1195 1
757 1264 417 530 106 0 1 210 947 947 1 1204 1204 1 409 228 562 1199 1199 1
758 1262 417 543 94 0 1 207 960 960 1 1192 1192 1 411 218 571 1200 1200 1
759 1278 429 548 99 0 1 201 977 977 1 1208 1208 1 400 227 587 1214 1214 1
760 1274 433 553 84 0 1 203 986 986 1 1204 1204 1 405 223 578 1206 1206 1
761 1266 425 540 95 1 2 203 965 965 1 1196 1196 1 401 224 568 1193 1193 1
762 1239 420 527 92 1 2 197 947 947 1 1178 1178 1 392 227 557 1176 1176 1
763 1235 411 497 110 0 2 215 908 908 1 1167 1167 1 399 216 561 1176 1176 1
764 1242 381 484 151 0 0 226 865 864 2 1185 1185 1 410 243 529 1182 1182 1
765 1236 396 487 129 0 0 224 883 883 1 1164 1164 1 390 234 547 1171 1171 1
766 1256 414 517 114 0 1 210 931 930 2 1182 1182 1 411 225 555 1191 1191 1
767 1258 422 530 98 0 2 206 952 952 1 1202 1202 1 414 221 577 1212 1212 1
768 1269 422 536 102 0 0 209 958 958 1 1195 1195 1 410 236 552 1198 1198 1
769 1263 428 546 95 0 1 193 974 974 1 1204 1204 1 404 224 571 1199 1199 1
770 1272 433 551 87 0 3 198 984 984 1 1200 1200 1 414 226 562 1202 1202 1
771 1270 419 535 100 0 1 215 954 953 2 1207 1207 1 404 231 567 1202 1202 1
772 1259 403 516 112 0 0 228 919 919 1 1204 1204 1 413 223 556 1192 1192 1
773 1243 401 493 133 0 1 215 894 893 2 1171 1171 1 385 233 553 1171 1171 1
774 1271 425 539 103 0 0 204 964 963 2 1205 1205 1 403 231 568 1202 1202 1
775 1270 423 540 102 0 2 203 963 962 2 1198 1198 1 409 227 566 1202 1202 1
776 1255 411 496 134 0 0 214 907 905 3 1192 1192 1 398 236 560 1194 1194 1
777 1273 429 547 98 0 1 198 976 976 1 1202 1202 1 432 211 566 1209 1209 1
778 1287 428 548 108 0 0 203 976 976 1 1221 1221 1 407 230 571 1208 1208 1
779 1284 429 544 106 0 0 205 973 973 1 1214 1214 1 410 227 578 1215 1215 1
780 1286 424 563 104 0 2 193 987 986 2 1221 1221 1 396 241 585 1222 1222 1
781 1297 429 563 114 0 0 191 992 992 1 1219 1219 1 405 229 589 1223 1223 1
782 1286 432 556 97 0 1 200 988 987 2 1226 1226 1 402 229 586 1217 1217 1
783 1279 424 532 130 0 1 192 956 955 2 1202 1202 1 405 233 570 1208 1208 1
784 1292 428 567 102 0 1 194 995 995 1 1234 1234 1 404 238 591 1233 1233 1
785 1280 429 540 116 0 2 193 969 968 2 1217 1217 1 407 222 587 1216 1216 1
786 1307 439 567 106 0 1 194 1006 1006 1 1228 1228 1 424 218 595 1237 1237 1
787 1297 433 565 115 0 1 183 998 997 2 1235 1235 1 421 217 608 1246 1246 1
788 1304 440 572 97 1 2 192 1012 1012 1 1247 1247 1 412 224 621 1257 1257 1
789 1300 437 577 94 0 1 191 1014 1014 1 1236 1236 1 426 211 597 1234 1234 1
790 1292 438 558 108 1 0 187 996 995 2 1224 1224 1 414 220 592 1226 1226 1
791 1299 433 575 102 1 1 187 1008 1008 1 1230 1230 1 419 219 603 1241 1241 1
792 1300 434 569 104 0 1 192 1003 1001 3 1232 1232 1 416 229 588 1233 1233 1
793 1301 427 555 123 0 2 194 982 980 3 1243 1243 1 410 230 597 1237 1237 1
794 1297 435 575 96 0 1 190 1010 1010 1 1237 1237 1 417 220 593 1230 1230 1
795 1307 442 580 107 0 2 176 1022 1021 2 1239 1239 1 413 223 602 1238 1238 1
796 1291 431 575 95 0 2 188 1006 1005 2 1228 1228 1 426 211 600 1237 1237 1
797 1283 427 568 95 1 0 192 995 995 1 1222 1222 1 421 212 591 1224 1224 1
798 1302 444 582 83 1 0 192 1026 1025 2 1238 1238 1 419 219 596 1234 1234 1
799 1295 437 572 95 0 2 189 1009 1008 2 1228 1228 1 417 217 602 1236 1236 1
800 1291 431 556 111 0 1 192 987 986 2 1228 1228 1 415 218 606 1239 1239 1
801 1283 422 552 118 0 1 190 974 973 2 1226 1226 1 404 222 595 1221 1221 1
802 1270 401 533 124 1 1 210 934 934 1 1190 1190 1 410 219 572 1201 1201 1
803 1291 429 552 115 0 2 193 981 981 1 1238 1238 1 406 225 601 1232 1232 1
804 1296 427 564 111 0 1 193 991 990 2 1234 1234 1 421 220 594 1235 1235 1
805 1303 440 573 104 0 1 185 1013 1013 1 1234 1234 1 412 226 598 1236 1236 1
806 1308 432 574 117 0 1 184 1006 1005 2 1233 1233 1 421 218 603 1242 1242 1
807 1308 429 566 112 1 1 199 995 994 2 1238 1238 1 425 220 607 1252 1252 1
808 1320 428 560 130 0 1 201 988 985 4 1247 1247 1 415 230 608 1253 1253 1
809 1296 415 561 121 0 1 198 976 976 1 1226 1226 1 428 220 586 1234 1234 1
810 1302 418 549 124 0 2 209 967 965 3 1229 1229 1 429 223 580 1232 1232 1
811 1282 419 531 135 0 0 197 950 950 1 1213 1213 1 422 216 575 1213 1213 1
812 1306 429 562 114 0 2 199 991 991 1 1228 1228 1 408 234 583 1225 1225 1
813 1307 429 561 118 1 2 196 990 990 1 1224 1224 1 412 229 589 1230 1230 1
814 1305 425 544 137 0 1 198 969 969 1 1224 1224 1 409 233 591 1233 1233 1
815 1307 439 554 111 0 0 203 993 993 1 1244 1244 1 409 232 601 1242 1242 1
816 1317 433 546 129 0 1 208 979 979 1 1236 1236 1 411 242 592 1245 1245 1
817 1320 436 563 123 0 1 197 999 998 2 1241 1241 1 418 228 596 1242 1242 1
818 1298 438 540 110 0 1 209 978 977 2 1235 1235 1 410 229 595 1234 1234 1
819 1302 442 539 125 0 0 196 981 977 5 1248 1248 1 411 235 602 1248 1248 1
820 1307 429 540 134 0 1 203 969 967 3 1237 1237 1 416 233 585 1234 1234 1
821 1323 440 569 115 0 1 198 1009 1008 2 1230 1230 1 412 217 612 1241 1241 1
822 1345 427 563 153 0 2 200 990 989 2 1245 1245 1 421 225 620 1266 1266 1
823 1341 436 584 123 0 0 198 1020 1019 2 1273 1273 1 430 216 621 1267 1267 1
824 1344 451 579 117 0 0 197 1030 1028 3 1261 1261 1 427 224 606 1257 1257 1
825 1367 453 569 141 0 1 203 1022 1021 2 1281 1281 1 428 217 646 1291 1291 1
826 1361 442 541 167 0 1 210 983 983 1 1286 1286 1 411 235 654 1300 1300 1
827 1362 443 565 137 1 1 215 1008 1006 2 1298 1298 1 435 218 650 1303 1303 1
828 1348 431 547 150 1 4 215 978 977 2 1261 1261 1 415 221 642 1278 1278 1
829 1308 372 452 211 0 1 272 824 821 4 1210 1210 1 397 240 583 1220 1220 1
830 1366 441 555 166 1 0 203 996 994 3 1300 1300 1 425 217 676 1318 1318 1
831 1325 431 526 158 1 2 207 957 956 2 1268 1268 1 408 245 623 1276 1276 1
832 1342 439 519 173 0 0 211 958 958 1 1276 1276 1 417 230 643 1290 1290 1
833 1345 451 554 135 1 1 203 1005 1004 2 1272 1272 1 432 227 641 1300 1300 1
834 1331 393 492 221 0 4 221 885 885 1 1262 1262 1 387 232 654 1273 1273 1
835 1350 436 531 178 0 2 203 967 965 3 1279 1279 1 412 226 658 1296 1296 1
836 1303 404 455 194 1 2 247 859 858 2 1221 1221 1 385 248 598 1231 1231 1
837 1330 458 552 119 0 4 197 1010 1010 1 1267 1267 1 405 226 647 1278 1278 1
838 1378 459 573 154 0 2 190 1032 1032 1 1321 1321 1 426 223 682 1331 1331 1
839 1357 448 537 154 0 2 216 985 982 3 1291 1291 1 413 218 672 1303 1303 1
840 1404 466 574 169 0 0 195 1040 1039 2 1331 1331 1 441 217 677 1335 1335 1
841 1398 474 602 142 0 2 178 1076 1076 1 1348 1348 1 441 221 695 1357 1357 1
842 1401 476 606 133 0 1 185 1082 1081 2 1329 1329 1 435 219 701 1355 1355 1
843 1455 487 630 152 0 3 183 1117 1117 1 1379 1379 1 414 245 732 1391 1391 1
844 1432 468 606 158 1 1 198 1074 1071 4 1360 1360 1 418 231 722 1371 1371 1
845 1454 468 612 172 0 0 202 1080 1075 6 1390 1390 1 462 210 728 1400 1400 1
846 1411 480 568 169 1 0 193 1048 1046 3 1338 1338 1 432 219 711 1362 1362 1
847 1459 507 642 143 0 3 164 1149 1145 5 1397 1397 1 446 221 741 1408 1408 1
848 1459 494 647 138 0 2 178 1141 1140 2 1408 1408 1 459 195 764 1418 1418 1
849 1481 495 662 171 0 3 150 1157 1154 4 1436 1436 1 458 203 783 1444 1444 1
850 1469 489 634 157 1 1 187 1123 1122 2 1417 1417 1 467 207 759 1433 1433 1
851 1477 481 627 186 0 1 182 1108 1106 3 1420 1420 1 459 200 781 1440 1440 1
852 1477 502 661 147 0 2 165 1163 1160 4 1435 1435 1 442 223 773 1438 1438 1
853 1487 508 681 137 0 1 160 1189 1188 2 1456 1456 1 471 199 794 1464 1464 1
854 1494 505 686 148 0 1 154 1191 1189 2 1459 1459 1 461 203 803 1467 1467 1
855 1495 508 684 151 0 2 150 1192 1190 3 1460 1460 1 464 193 810 1467 1467 1
856 1488 501 656 174 1 3 153 1157 1150 6 1451 1451 1 446 223 792 1461 1461 1
857 1495 505 687 153 0 2 148 1192 1190 3 1453 1453 1 447 223 792 1462 1462 1
858 1484 505 661 153 0 2 163 1166 1165 2 1427 1427 1 443 209 796 1448 1448 1
859 1498 501 650 178 0 1 168 1151 1146 5 1454 1454 1 445 216 805 1466 1466 1
860 1523 506 694 178 0 1 144 1200 1198 3 1484 1484 1 457 211 829 1497 1497 1
861 1515 532 722 130 0 1 130 1254 1252 3 1489 1489 1 458 206 828 1492 1492 1
862 1524 541 704 146 0 2 131 1245 1244 2 1489 1489 1 463 212 826 1501 1501 1
863 1527 476 648 243 0 3 157 1124 1124 1 1492 1492 1 463 215 819 1497 1497 1
864 1537 528 737 150 0 3 119 1265 1265 1 1511 1511 1 469 195 855 1519 1519 1
865 1537 544 735 127 0 1 130 1279 1279 1 1511 1511 1 461 199 855 1515 1515 1
866 1538 538 746 134 0 1 119 1284 1283 2 1518 1518 1 479 191 851 1521 1521 1
867 1545 519 703 199 0 0 124 1222 1220 3 1511 1511 1 472 193 861 1526 1526 1
868 1544 516 713 179 0 2 134 1229 1226 3 1500 1500 1 473 196 851 1520 1520 1
869 1523 522 715 146 0 0 140 1237 1237 1 1493 1493 1 466 201 832 1499 1499 1
870 1543 516 677 211 0 5 134 1193 1192 2 1518 1518 1 471 192 862 1525 1525 1
871 1530 520 714 164 0 1 131 1234 1234 1 1504 1504 1 462 195 861 1518 1518 1
872 1501 453 608 245 0 2 193 1061 1056 6 1463 1463 1 470 198 805 1473 1473 1
873 1538 535 728 148 0 2 125 1263 1258 4 1504 1504 1 474 185 859 1518 1518 1
874 1520 505 681 194 0 1 139 1186 1184 3 1486 1486 1 472 193 836 1501 1501 1
875 1491 482 604 217 1 0 187 1086 1082 5 1456 1456 1 447 208 803 1458 1458 1
876 1516 529 696 142 1 2 146 1225 1225 1 1466 1466 1 459 204 826 1489 1489 1
877 1517 540 724 117 0 0 136 1264 1261 4 1488 1488 1 453 200 838 1491 1491 1
878 1512 541 709 122 0 0 140 1250 1246 5 1483 1483 1 455 199 838 1492 1492 1
879 1525 480 591 261 1 2 190 1071 1067 5 1475 1475 1 452 206 838 1496 1496 1
880 1540 541 730 146 0 1 122 1271 1270 2 1509 1509 1 478 190 856 1524 1524 1
881 1497 457 629 223 0 0 188 1086 1080 6 1448 1448 1 458 195 815 1468 1468 1
882 1531 539 755 116 1 1 119 1294 1294 1 1504 1504 1 471 187 847 1505 1505 1
883 1500 454 605 257 0 0 184 1059 1052 8 1457 1457 1 451 203 814 1468 1468 1
884 1534 540 735 141 0 2 116 1275 1273 3 1515 1515 1 467 193 863 1523 1523 1
885 1545 533 747 152 0 2 111 1280 1279 2 1518 1518 1 481 188 855 1524 1524 1
886 1546 556 772 116 0 1 101 1328 1328 1 1522 1522 1 475 188 866 1529 1529 1
887 1539 550 746 126 1 0 116 1296 1296 1 1516 1516 1 471 188 862 1521 1521 1
888 1554 557 794 111 0 2 90 1351 1351 1 1534 1534 1 489 176 866 1531 1531 1
889 1554 536 722 173 0 1 122 1258 1258 1 1522 1522 1 484 183 875 1542 1542 1
890 1548 544 735 164 0 2 103 1279 1279 1 1523 1523 1 480 190 859 1529 1529 1
891 1549 541 754 151 0 0 103 1295 1295 1 1511 1511 1 484 191 858 1533 1533 1
892 1545 549 763 128 0 1 104 1312 1311 2 1522 1522 1 486 184 856 1526 1526 1
893 1542 540 765 131 0 1 105 1305 1305 1 1513 1513 1 477 190 852 1519 1519 1
894 1537 543 760 126 0 0 108 1303 1303 1 1518 1518 1 474 184 862 1520 1520 1
895 1557 558 785 121 0 0 93 1343 1343 1 1534 1534 1 480 179 879 1538 1538 1
896 1549 538 789 116 0 0 106 1327 1325 3 1523 1523 1 497 170 868 1535 1535 1
897 1541 546 775 124 0 0 96 1321 1321 1 1523 1523 1 476 181 864 1521 1521 1
898 1543 553 768 119 0 0 103 1321 1321 1 1524 1524 1 487 179 865 1531 1531 1
899 1539 531 760 137 0 1 110 1291 1291 1 1512 1512 1 478 179 860 1517 1517 1
900 1550 547 805 107 0 1 90 1352 1352 1 1527 1527 1 490 174 867 1531 1531 1
901 1549 545 780 123 1 1 99 1325 1325 1 1523 1523 1 479 178 870 1527 1527 1
902 1557 538 734 175 0 0 110 1272 1272 1 1519 1519 1 483 178 879 1540 1540 1
903 1550 549 789 126 0 3 83 1338 1338 1 1529 1529 1 482 178 873 1533 1533 1
904 1559 548 796 117 0 1 97 1344 1344 1 1532 1532 1 487 175 880 1542 1542 1
905 1545 549 728 153 0 0 115 1277 1276 2 1516 1516 1 480 178 867 1525 1525 1
906 1546 557 791 102 0 0 96 1348 1348 1 1528 1528 1 485 172 879 1536 1536 1
907 1556 566 801 107 0 0 82 1367 1366 2 1534 1534 1 489 168 888 1545 1545 1
908 1558 563 784 134 0 3 74 1347 1347 1 1536 1536 1 488 177 880 1545 1545 1
909 1550 567 794 109 0 0 80 1361 1361 1 1525 1525 1 473 180 883 1536 1536 1
910 1565 575 828 94 0 2 66 1403 1403 1 1548 1548 1 488 175 891 1554 1554 1
911 1573 593 824 91 0 1 64 1417 1417 1 1560 1560 1 472 184 909 1565 1565 1
912 1577 590 837 90 0 0 60 1427 1426 2 1565 1565 1 475 179 916 1570 1570 1
913 1577 589 817 99 0 1 71 1406 1406 1 1567 1567 1 471 185 914 1570 1570 1
914 1580 594 855 78 0 1 52 1449 1449 1 1571 1571 1 480 172 922 1574 1574 1
915 1586 592 851 88 0 0 55 1443 1443 1 1577 1577 1 478 183 918 1579 1579 1
916 1583 602 859 73 0 0 49 1461 1460 2 1573 1573 1 468 189 919 1576 1576 1
917 1588 596 869 80 0 0 43 1465 1465 1 1580 1580 1 482 177 924 1583 1583 1
918 1589 589 868 80 0 1 51 1457 1457 1 1585 1585 1 479 177 931 1587 1587 1
919 1575 588 854 80 0 0 53 1442 1442 1 1570 1570 1 476 182 913 1571 1571 1
920 1587 588 875 77 0 3 44 1463 1463 1 1578 1578 1 482 174 926 1582 1582 1
921 1585 589 851 93 0 0 52 1440 1440 1 1579 1579 1 473 190 916 1579 1579 1
922 1584 588 862 80 0 0 54 1450 1450 1 1571 1571 1 477 180 923 1580 1580 1
923 1586 563 825 136 0 0 62 1388 1388 1 1582 1582 1 484 167 932 1583 1583 1
924 1591 570 827 146 0 0 48 1397 1396 2 1586 1586 1 479 171 940 1590 1590 1
925 1591 581 850 110 0 1 49 1431 1430 2 1590 1590 1 485 169 937 1591 1591 1
926 1590 592 861 88 0 1 48 1453 1453 1 1584 1584 1 488 169 931 1588 1588 1
927 1592 593 847 104 0 0 48 1440 1440 1 1586 1586 1 480 168 943 1591 1591 1
928 1592 602 881 68 0 0 41 1483 1482 2 1588 1588 1 485 166 938 1589 1589 1
929 1593 592 886 73 0 1 41 1478 1478 1 1588 1588 1 479 169 941 1589 1589 1
930 1594 604 901 58 0 0 31 1505 1505 1 1590 1590 1 481 168 944 1593 1593 1
931 1593 596 877 85 0 1 34 1473 1473 1 1590 1590 1 482 167 943 1592 1592 1
932 1590 597 886 67 0 0 40 1483 1483 1 1587 1587 1 483 166 941 1590 1590 1
933 1595 598 902 64 0 0 31 1500 1500 1 1590 1590 1 483 168 942 1593 1593 1
934 1594 609 904 57 0 0 24 1513 1513 1 1589 1589 1 483 167 944 1594 1594 1
935 1594 558 761 198 0 0 77 1319 1319 1 1582 1582 1 485 163 943 1591 1591 1
936 1589 517 718 255 0 1 98 1235 1234 2 1578 1578 1 494 173 920 1587 1587 1
937 1593 605 892 61 0 0 35 1497 1497 1 1588 1588 1 481 164 948 1593 1593 1
938 1593 596 880 81 0 2 34 1476 1476 1 1589 1589 1 481 171 939 1591 1591 1
939 1594 611 898 54 0 0 31 1509 1509 1 1590 1590 1 488 165 939 1592 1592 1
940 1593 610 909 43 0 0 31 1519 1519 1 1590 1590 1 488 167 938 1593 1593 1
941 1594 610 910 46 0 1 27 1520 1520 1 1590 1590 1 481 167 946 1594 1594 1
942 1593 592 880 87 0 0 34 1472 1472 1 1591 1591 1 486 168 939 1593 1593 1
943 1592 581 770 183 0 0 58 1351 1351 1 1581 1581 1 483 172 937 1592 1592 1
944 1590 587 875 85 0 2 41 1462 1462 1 1587 1587 1 490 172 926 1588 1588 1
945 1592 602 898 52 0 0 40 1500 1500 1 1588 1588 1 484 175 932 1591 1591 1
946 1593 609 899 51 0 2 32 1508 1508 1 1589 1589 1 494 164 934 1592 1592 1
947 1595 581 882 95 0 1 36 1463 1463 1 1591 1591 1 492 169 933 1594 1594 1
948 1591 598 889 65 0 0 39 1487 1487 1 1588 1588 1 491 168 931 1590 1590 1
949 1589 606 893 46 0 0 44 1499 1499 1 1585 1585 1 488 170 930 1588 1588 1
950 1592 607 909 41 0 0 35 1516 1516 1 1590 1590 1 482 169 939 1590 1590 1
951 1589 571 867 99 0 0 52 1438 1438 1 1586 1586 1 487 169 932 1588 1588 1
952 1591 598 900 56 0 1 36 1498 1498 1 1585 1585 1 485 166 938 1589 1589 1
953 1593 599 898 63 0 0 33 1497 1496 2 1591 1591 1 487 171 933 1591 1591 1
954 1595 591 878 85 0 0 41 1469 1469 1 1592 1592 1 489 165 939 1593 1593 1
955 1595 585 873 101 0 0 36 1458 1458 1 1591 1591 1 482 164 949 1595 1595 1
956 1594 617 911 38 0 0 28 1528 1528 1 1592 1592 1 481 166 946 1593 1593 1
957 1592 602 887 71 0 1 31 1489 1489 1 1589 1589 1 484 166 942 1592 1592 1
958 1594 602 909 47 0 0 36 1511 1511 1 1592 1592 1 483 165 946 1594 1594 1
959 1592 616 914 36 0 0 26 1530 1530 1 1592 1592 1 484 165 943 1592 1592 1
960 1593 611 906 41 0 0 35 1517 1517 1 1590 1590 1 483 172 937 1592 1592 1
961 1592 570 865 116 1 0 40 1435 1435 1 1590 1590 1 482 164 944 1590 1590 1
962 1591 590 882 80 0 1 38 1472 1472 1 1588 1588 1 482 169 938 1589 1589 1
963 1592 594 902 60 0 0 36 1496 1496 1 1589 1589 1 479 168 944 1591 1591 1
964 1592 562 846 138 0 1 45 1408 1408 1 1587 1587 1 485 169 933 1587 1587 1
965 1590 604 882 60 0 1 43 1486 1486 1 1583 1583 1 475 182 926 1583 1583 1
966 1593 607 894 53 0 2 37 1501 1501 1 1581 1581 1 477 179 933 1589 1589 1
967 1586 590 862 78 0 1 55 1452 1452 1 1576 1576 1 477 178 924 1579 1579 1
968 1590 585 846 103 1 0 55 1431 1431 1 1579 1579 1 475 185 920 1580 1580 1
969 1593 608 891 53 0 0 41 1499 1499 1 1586 1586 1 481 178 929 1588 1588 1
970 1583 563 830 118 0 0 72 1393 1392 2 1574 1574 1 478 183 914 1575 1575 1
971 1586 568 834 118 0 0 66 1402 1402 1 1576 1576 1 477 190 911 1578 1578 1
972 1589 569 824 132 0 1 63 1393 1393 1 1579 1579 1 483 177 922 1582 1582 1
973 1590 584 871 87 0 0 48 1455 1455 1 1581 1581 1 482 175 926 1583 1583 1
974 1592 612 902 43 0 0 35 1514 1514 1 1589 1589 1 482 167 943 1592 1592 1
975 1582 595 887 48 0 0 52 1482 1482 1 1578 1578 1 476 178 924 1578 1578 1
976 1590 598 890 57 0 0 45 1488 1488 1 1583 1583 1 485 169 932 1586 1586 1
977 1581 606 882 43 0 0 50 1488 1488 1 1578 1578 1 479 177 923 1579 1579 1
978 1589 597 897 48 0 0 47 1494 1494 1 1583 1583 1 484 172 930 1586 1586 1
979 1589 599 888 57 0 0 45 1487 1487 1 1584 1584 1 482 174 930 1586 1586 1
980 1586 587 872 82 1 0 44 1459 1459 1 1577 1577 1 483 170 929 1582 1582 1
981 1584 596 883 53 0 0 52 1479 1479 1 1582 1582 1 483 171 929 1583 1583 1
982 1587 602 903 41 0 0 41 1505 1505 1 1584 1584 1 484 169 933 1586 1586 1
983 1588 594 881 69 0 0 44 1475 1474 2 1580 1580 1 483 173 925 1581 1581 1
984 1584 597 885 57 1 0 44 1482 1482 1 1579 1579 1 480 176 924 1580 1580 1
985 1586 594 896 54 0 0 42 1490 1490 1 1580 1580 1 479 179 925 1583 1583 1
986 1586 586 863 86 0 0 51 1449 1449 1 1581 1581 1 480 177 924 1581 1581 1
987 1588 591 881 69 0 1 46 1472 1472 1 1580 1580 1 486 170 928 1584 1584 1
988 1591 596 902 55 1 1 36 1498 1498 1 1583 1583 1 486 176 924 1586 1586 1
989 1583 586 874 76 0 0 47 1460 1460 1 1579 1579 1 482 177 922 1581 1581 1
990 1587 594 888 59 0 1 45 1482 1482 1 1582 1582 1 482 172 930 1584 1584 1
991 1587 607 898 40 0 0 42 1505 1505 1 1584 1584 1 482 173 931 1586 1586 1
992 1588 600 893 50 0 0 45 1493 1493 1 1584 1584 1 480 173 930 1583 1583 1
993 1590 605 901 47 0 0 37 1506 1506 1 1585 1585 1 479 173 935 1587 1587 1
994 1586 599 890 54 0 0 43 1489 1489 1 1581 1581 1 479 177 927 1583 1583 1
995 1581 554 823 139 1 2 62 1377 1376 2 1575 1575 1 475 178 922 1575 1575 1
996 1576 554 813 141 0 0 68 1367 1365 2 1567 1567 1 479 179 911 1569 1569 1
997 1580 558 844 112 0 0 66 1402 1402 1 1569 1569 1 480 181 909 1570 1570 1
998 1583 577 847 98 0 1 60 1424 1424 1 1573 1573 1 480 173 925 1578 1578 1
999 1589 580 878 82 0 2 47 1458 1458 1 1574 1574 1 487 171 925 1583 1583 1
1000 1575 562 858 87 0 0 68 1420 1419 2 1564 1564 1 478 184 907 1569 1569 1
1001 1573 566 857 82 0 1 67 1423 1422 2 1566 1566 1 483 179 905 1567 1567 1
