# data/public-ice/critical/Critical-nucleus_analysis-trajectory/Critical-nucleus-analysis-growing nframes 801 last 801 stride 1
# frame nop chill_cubic chill_hex chill_interfacial chill_clathrate chill_interclathrate chill_water chill_ice chill_max chill_clus cut_ice cut_max cut_clus seed_ih seed_ic seed_both seed_ice seed_max seed_clus
1 2880 88 78 163 23 190 2338 166 154 12 475 373 9 88 159 176 423 371 5
2 2880 95 86 205 23 230 2241 181 161 20 455 375 7 118 177 176 471 405 6
3 2880 92 87 159 26 207 2309 179 164 15 401 375 3 89 150 177 416 378 4
4 2880 93 87 184 38 221 2257 180 157 22 436 356 5 82 180 174 436 354 5
5 2880 93 93 205 18 209 2262 186 164 21 465 385 6 121 161 179 461 359 7
6 2880 96 96 175 22 207 2284 192 171 22 497 373 9 107 180 181 468 368 7
7 2880 98 90 193 26 204 2269 188 166 22 452 370 6 85 190 179 454 380 6
8 2880 87 84 175 29 214 2291 171 151 20 434 366 6 82 164 170 416 362 5
9 2880 91 96 168 26 226 2273 187 169 19 506 420 7 98 160 184 442 392 5
10 2880 100 91 162 25 216 2286 191 170 22 421 385 4 97 156 179 432 382 5
11 2880 103 94 161 34 221 2267 197 178 20 396 384 2 73 143 179 395 383 2
12 2880 92 80 188 43 209 2268 172 156 17 397 373 3 94 143 170 407 371 4
13 2880 96 87 175 25 283 2214 183 165 17 388 376 2 67 145 169 381 369 2
14 2880 93 86 173 21 238 2269 179 164 16 419 399 2 78 155 178 411 391 2
15 2880 97 103 180 22 190 2288 200 173 27 418 370 5 76 169 168 413 387 3
16 2880 86 95 183 25 211 2280 181 156 23 386 374 2 75 142 172 389 377 2
17 2880 92 96 187 29 189 2287 188 165 23 402 390 2 65 138 170 373 373 1
18 2880 85 97 163 30 230 2275 182 168 14 403 391 2 59 150 169 378 354 2
19 2880 97 100 194 22 236 2231 197 175 23 418 370 5 89 147 171 407 371 4
20 2880 101 94 200 31 195 2259 195 171 19 437 411 3 93 166 179 438 400 4
21 2880 93 99 200 15 209 2264 192 161 31 468 444 3 102 163 182 447 423 3
22 2880 106 103 188 30 226 2227 209 186 23 441 429 2 101 170 185 456 432 3
23 2880 108 97 187 24 219 2245 205 178 25 487 463 3 121 161 193 475 451 3
24 2880 106 93 209 22 227 2223 199 171 23 443 419 3 97 153 191 441 429 2
25 2880 110 105 209 28 205 2223 215 190 24 471 459 2 108 154 209 471 459 2
26 2880 106 103 193 24 224 2230 209 176 29 481 437 4 106 165 195 466 428 4
27 2880 109 105 193 30 209 2234 214 193 20 485 438 4 129 156 198 483 451 3
28 2880 109 101 224 22 226 2198 210 184 25 503 455 4 130 160 195 485 449 4
29 2880 113 91 182 21 211 2262 204 189 15 441 405 4 103 148 192 443 431 2
30 2880 110 102 225 27 198 2218 212 182 26 489 429 5 109 160 198 467 455 2
31 2880 116 90 230 25 221 2198 206 178 25 493 421 7 102 166 189 457 409 5
32 2880 111 116 202 29 218 2204 227 191 33 502 452 5 140 175 202 517 487 3
33 2880 105 96 220 29 228 2202 201 174 26 479 401 7 129 174 185 488 410 7
34 2880 106 99 211 27 242 2195 205 181 25 440 404 4 107 167 192 466 430 4
35 2880 111 101 192 21 239 2216 212 188 22 470 446 3 112 164 189 465 453 2
36 2880 111 100 215 32 208 2214 211 186 22 469 400 5 97 171 186 454 394 5
37 2880 113 101 206 15 230 2215 214 192 23 507 439 4 133 184 209 526 470 4
38 2880 109 94 261 16 217 2183 203 176 27 568 445 6 153 184 184 521 448 4
39 2880 106 95 236 24 207 2212 201 182 19 574 480 5 141 193 185 519 471 4
40 2880 111 106 215 21 208 2219 217 184 30 493 433 5 89 187 182 458 434 3
41 2880 107 90 217 24 214 2228 197 172 25 479 449 3 104 188 185 477 447 3
42 2880 105 108 202 27 206 2232 213 190 23 502 424 6 128 176 179 483 433 3
43 2880 108 89 219 22 205 2237 197 172 24 480 430 5 91 202 187 480 466 2
44 2880 106 98 242 12 208 2214 204 176 25 511 404 8 110 210 178 498 410 7
45 2880 110 95 206 22 182 2265 205 172 28 473 429 4 113 180 187 480 436 4
46 2880 109 102 253 18 212 2186 211 181 26 468 412 5 109 188 185 482 450 3
47 2880 106 108 214 20 207 2225 214 185 27 497 467 3 130 169 201 500 456 4
48 2880 107 100 248 16 193 2216 207 182 26 502 478 2 105 157 212 474 474 1
49 2880 113 102 223 28 189 2225 215 184 27 453 439 2 82 193 199 474 446 3
50 2880 104 108 207 27 208 2226 212 186 26 458 408 4 96 199 189 484 432 4
51 2880 95 94 261 22 185 2223 189 157 28 504 426 6 125 168 193 486 420 5
52 2880 111 95 216 22 183 2253 206 182 21 462 384 5 107 163 187 457 391 4
53 2880 106 95 213 19 176 2271 201 178 24 461 437 3 97 143 183 423 377 3
54 2880 101 105 207 18 196 2253 206 177 25 412 388 3 90 164 184 438 378 4
55 2880 107 99 215 24 201 2234 206 177 27 421 397 3 82 165 195 442 400 2
56 2880 100 90 197 17 188 2288 190 172 18 486 414 6 122 161 189 472 406 4
57 2880 105 98 207 26 202 2242 203 175 28 504 436 4 117 178 190 485 425 3
58 2880 93 100 254 25 199 2209 193 152 36 460 406 3 94 186 191 471 411 3
59 2880 99 108 226 16 201 2230 207 175 28 439 427 2 87 184 180 451 437 2
60 2880 110 98 238 19 191 2224 208 187 20 476 464 2 111 163 200 474 462 2
61 2880 103 105 206 22 204 2240 208 177 28 493 467 3 114 170 189 473 473 1
62 2880 99 91 216 27 227 2220 190 162 27 464 392 5 93 184 186 463 449 2
63 2880 105 100 199 20 199 2257 205 178 23 495 471 3 128 172 187 487 463 3
64 2880 99 93 210 18 215 2245 192 162 27 425 367 4 98 173 179 450 450 1
65 2880 94 96 190 29 219 2252 190 165 25 443 389 2 84 173 179 436 436 1
66 2880 104 81 223 28 180 2264 185 164 20 420 368 4 83 184 172 439 409 3
67 2880 96 99 200 28 201 2256 195 167 27 439 385 4 94 178 173 445 427 2
68 2880 99 105 231 26 189 2230 204 168 35 476 392 6 104 217 175 496 434 4
69 2880 104 105 228 26 191 2226 209 183 23 464 438 3 104 196 175 475 445 3
70 2880 98 95 222 21 217 2227 193 167 27 494 468 3 114 184 189 487 449 4
71 2880 113 101 234 25 192 2215 214 179 32 470 398 5 110 174 181 465 439 3
72 2880 110 95 209 29 211 2226 205 178 26 448 436 2 101 176 184 461 449 2
73 2880 92 92 228 23 195 2250 184 155 26 462 420 4 95 166 193 454 454 1
74 2880 94 97 202 23 208 2256 191 154 30 445 431 2 87 184 177 448 422 3
75 2880 99 95 204 22 209 2251 194 164 28 445 431 2 101 187 178 466 452 2
76 2880 97 88 206 24 174 2291 185 167 17 450 412 4 107 185 172 464 438 3
77 2880 103 95 190 16 185 2291 198 168 29 452 388 4 98 186 175 459 429 3
78 2880 101 101 218 32 171 2257 202 170 32 410 398 2 118 158 175 451 439 2
79 2880 90 85 207 26 206 2266 175 150 25 429 405 3 87 164 166 417 405 2
80 2880 100 89 226 23 201 2241 189 162 26 429 381 4 76 178 167 421 409 2
81 2880 92 88 202 25 221 2252 180 161 20 450 438 2 90 169 171 430 430 1
82 2880 95 79 217 29 206 2254 174 159 16 427 369 4 85 168 170 423 423 1
83 2880 98 79 214 27 227 2235 177 160 18 474 448 3 141 164 174 479 455 3
84 2880 93 84 199 23 194 2287 177 153 24 446 446 1 115 170 168 453 441 2
85 2880 102 87 211 23 200 2257 189 163 25 445 409 4 115 160 158 433 409 3
86 2880 100 87 237 18 197 2241 187 155 30 474 432 4 126 177 161 464 422 4
87 2880 105 86 199 24 193 2273 191 170 20 450 426 3 118 180 175 473 431 4
88 2880 108 91 215 23 175 2268 199 165 30 460 374 7 66 181 164 411 375 3
89 2880 100 93 232 21 205 2229 193 162 29 458 388 4 93 206 169 468 394 4
90 2880 105 97 227 18 186 2247 202 171 29 513 405 5 111 188 175 474 402 5
91 2880 103 86 241 16 210 2224 189 161 27 480 408 5 129 188 175 492 408 6
92 2880 103 94 231 21 218 2213 197 177 19 444 384 4 103 178 163 444 372 5
93 2880 93 80 211 20 207 2269 173 154 20 439 379 5 65 188 179 432 382 4
94 2880 96 91 261 28 198 2206 187 155 29 442 384 4 93 194 179 466 404 5
95 2880 106 103 232 21 188 2230 209 177 30 493 421 5 119 170 185 474 402 7
96 2880 94 93 205 25 217 2246 187 157 24 470 434 4 100 190 175 465 441 3
97 2880 102 93 204 26 215 2240 195 174 22 434 386 5 100 161 179 440 416 3
98 2880 98 87 228 30 207 2230 185 160 26 408 408 1 74 191 188 453 441 2
99 2880 90 96 238 24 202 2230 186 155 29 449 413 4 48 208 178 434 381 3
100 2880 98 92 200 20 197 2273 190 166 22 462 382 5 88 201 183 472 386 5
101 2880 104 101 202 22 214 2237 205 182 24 475 401 5 69 207 187 463 401 4
102 2880 93 98 212 24 182 2271 191 162 28 444 368 7 88 208 180 476 378 7
103 2880 105 88 237 20 207 2223 193 167 25 476 402 6 95 188 190 473 399 6
104 2880 99 94 222 25 175 2265 193 160 29 448 361 6 89 209 175 473 374 7
105 2880 101 96 219 24 200 2240 197 169 28 417 355 5 58 183 182 423 373 4
106 2880 110 88 216 19 191 2256 198 170 25 497 385 6 68 211 174 453 377 6
107 2880 107 87 206 29 220 2231 194 160 30 445 353 7 64 217 170 451 375 7
108 2880 105 89 241 30 203 2212 194 168 23 461 373 7 88 224 167 479 379 8
109 2880 94 87 211 25 199 2264 181 145 33 479 368 8 95 201 168 464 373 7
110 2880 100 100 209 18 229 2224 200 168 29 457 391 6 103 205 163 471 379 8
111 2880 104 87 197 26 225 2241 191 167 23 404 366 4 69 208 161 438 370 6
112 2880 110 96 215 19 223 2217 206 187 19 468 374 7 90 195 167 452 372 7
113 2880 108 86 211 29 210 2236 194 170 23 443 361 6 94 203 166 463 357 8
114 2880 104 84 208 22 222 2240 188 165 24 409 363 3 90 170 164 424 366 4
115 2880 105 91 185 29 223 2247 196 172 24 426 350 6 65 193 163 421 365 5
116 2880 99 99 216 26 231 2209 198 164 31 430 366 6 58 200 166 424 370 5
117 2880 98 95 211 33 207 2236 193 159 31 388 360 3 78 192 157 427 375 5
118 2880 107 91 199 27 228 2228 198 181 17 411 373 4 69 178 174 421 381 4
119 2880 104 105 206 31 196 2238 209 182 24 393 381 2 51 170 168 389 375 2
120 2880 102 104 200 35 241 2198 206 178 24 395 369 3 66 175 177 418 378 4
121 2880 91 94 230 30 217 2218 185 162 24 391 365 3 73 165 176 414 374 4
122 2880 99 103 207 15 232 2224 202 185 18 388 376 2 73 142 178 393 381 2
123 2880 98 93 218 23 213 2235 191 170 22 404 368 4 77 136 183 396 384 2
124 2880 102 97 197 23 215 2246 199 166 32 438 388 4 107 146 177 430 394 4
125 2880 100 86 202 27 217 2248 186 167 20 398 372 3 75 143 177 395 383 2
126 2880 109 87 185 25 208 2266 196 183 14 395 371 3 59 146 177 382 382 1
127 2880 106 90 195 27 235 2227 196 174 23 423 387 3 124 139 172 435 387 3
128 2880 104 93 212 27 181 2263 197 176 21 376 376 1 83 127 166 376 376 1
129 2880 100 98 218 26 196 2242 198 166 30 434 410 3 96 145 200 441 417 3
130 2880 98 100 202 19 201 2260 198 175 23 400 374 3 68 132 183 383 383 1
131 2880 89 95 237 12 217 2230 184 158 25 413 389 3 86 163 181 430 418 2
132 2880 98 97 243 22 190 2230 195 170 25 452 406 4 69 167 196 432 398 3
133 2880 105 99 216 19 207 2234 204 180 23 427 389 4 63 167 200 430 392 4
134 2880 110 107 217 17 207 2222 217 183 31 422 396 3 107 185 200 492 430 6
135 2880 104 107 219 20 208 2222 211 174 35 486 398 8 66 183 209 458 420 4
136 2880 111 106 222 10 232 2199 217 200 16 514 452 6 66 197 209 472 420 5
137 2880 110 103 230 34 190 2213 213 189 25 488 390 7 114 201 201 516 426 5
138 2880 115 100 233 36 205 2191 215 191 22 449 411 4 57 208 206 471 433 3
139 2880 109 97 254 20 192 2208 206 178 25 477 439 4 66 186 199 451 411 4
140 2880 108 100 251 16 213 2192 208 180 27 448 428 2 53 180 204 437 403 3
141 2880 114 107 255 23 239 2142 221 191 30 502 446 5 65 216 204 485 465 2
142 2880 106 101 251 23 210 2189 207 174 27 446 446 1 53 215 212 480 466 2
143 2880 109 107 242 20 199 2203 216 182 31 484 450 3 68 212 203 483 457 3
144 2880 112 108 253 28 210 2169 220 191 30 469 423 4 91 193 204 488 464 3
145 2880 109 98 224 25 198 2226 207 181 27 455 419 4 85 191 198 474 462 2
146 2880 119 122 213 32 215 2179 241 207 32 460 448 2 100 169 201 470 446 3
147 2880 104 101 236 34 222 2183 205 179 25 477 443 3 97 189 204 490 466 3
148 2880 114 106 239 18 199 2204 220 189 27 440 414 3 75 184 202 461 461 1
149 2880 111 103 234 9 208 2215 214 194 20 480 456 3 100 181 201 482 458 3
150 2880 109 109 230 29 189 2214 218 192 26 494 446 5 102 182 199 483 447 4
151 2880 111 105 244 20 199 2201 216 187 28 461 413 5 112 147 201 460 424 4
152 2880 112 118 236 22 190 2202 230 191 36 501 441 6 103 147 204 454 418 4
153 2880 116 105 262 22 196 2179 221 188 29 466 418 5 100 160 207 467 431 4
154 2880 109 105 253 24 171 2218 214 178 35 435 399 4 101 161 200 462 414 5
155 2880 118 113 239 23 185 2202 231 184 42 445 397 5 101 164 200 465 441 3
156 2880 109 114 276 18 173 2190 223 189 35 432 408 3 79 162 198 439 415 3
157 2880 108 103 260 20 157 2232 211 177 33 455 407 5 91 165 198 454 418 4
158 2880 106 106 239 17 158 2254 212 184 28 457 409 5 100 170 201 471 423 5
159 2880 111 122 257 23 180 2187 233 193 38 488 428 6 87 184 202 473 437 4
160 2880 110 113 236 18 190 2213 223 196 27 487 397 8 113 179 200 492 410 7
161 2880 112 107 226 17 190 2228 219 184 34 483 401 6 97 195 204 496 426 6
162 2880 104 101 225 27 171 2252 205 171 30 495 405 6 109 182 198 489 407 5
163 2880 108 105 219 21 185 2242 213 184 28 496 402 7 109 174 188 471 393 5
164 2880 114 105 267 19 212 2163 219 186 29 441 407 3 90 185 189 464 418 3
165 2880 108 99 219 11 177 2266 207 177 25 453 395 4 99 201 192 492 420 5
166 2880 113 110 256 19 195 2187 223 190 33 431 405 3 96 184 191 471 421 4
167 2880 111 103 275 17 175 2199 214 178 35 482 438 3 89 196 192 477 457 2
168 2880 118 107 234 21 197 2203 225 189 29 519 475 4 96 204 214 514 470 4
169 2880 111 114 252 15 178 2210 225 191 31 512 456 4 76 214 211 501 469 3
170 2880 112 98 255 21 177 2217 210 182 28 498 466 3 71 216 210 497 477 2
171 2880 121 107 240 17 177 2218 228 194 33 549 492 5 107 217 206 530 498 3
172 2880 112 105 246 14 200 2203 217 190 22 503 455 4 99 212 196 507 457 5
173 2880 108 108 293 16 186 2169 216 186 29 499 467 3 99 205 207 511 479 3
174 2880 109 112 279 19 170 2191 221 188 26 470 432 3 58 212 195 465 451 2
175 2880 124 102 275 15 186 2178 226 191 32 464 426 4 65 194 195 454 440 2
176 2880 109 95 241 19 172 2244 204 175 28 476 452 3 75 215 193 483 457 3
177 2880 110 94 214 17 172 2273 204 185 16 507 457 5 83 214 190 487 449 4
178 2880 117 117 228 12 171 2235 234 199 33 468 444 3 81 208 190 479 467 2
179 2880 104 109 234 22 196 2215 213 178 27 452 440 2 61 161 192 414 414 1
180 2880 110 107 226 17 188 2232 217 190 27 457 421 4 97 179 184 460 436 3
181 2880 109 96 241 22 166 2246 205 180 25 408 382 3 68 195 176 439 413 3
182 2880 101 94 249 18 201 2217 195 179 17 448 412 4 94 169 177 440 395 4
183 2880 99 87 252 25 187 2230 186 158 25 476 440 4 66 179 174 419 407 2
184 2880 102 101 265 18 219 2175 203 169 29 473 413 6 105 193 181 479 431 5
185 2880 99 107 256 21 238 2159 206 176 31 501 441 6 89 190 173 452 428 3
186 2880 99 97 243 24 189 2228 196 170 24 459 393 5 74 185 176 435 423 2
187 2880 102 109 256 13 183 2217 211 176 31 515 441 7 130 185 176 491 443 5
188 2880 104 121 285 23 182 2165 225 181 37 481 433 5 107 188 180 475 451 3
189 2880 113 109 273 21 187 2177 222 187 30 471 393 7 84 220 166 470 404 6
190 2880 105 106 270 24 197 2178 211 174 32 437 399 4 75 194 169 438 400 4
191 2880 108 108 266 20 184 2194 216 182 27 488 406 5 57 200 175 432 400 2
192 2880 101 104 294 23 190 2168 205 170 35 475 387 6 83 207 179 469 413 4
193 2880 111 120 256 16 175 2202 231 198 30 484 414 5 66 242 172 480 408 5
194 2880 104 107 273 23 189 2184 211 181 30 480 426 4 54 232 172 458 412 3
195 2880 97 100 258 17 167 2241 197 164 30 491 423 5 75 220 173 468 424 3
196 2880 99 106 278 17 196 2184 205 160 37 493 413 5 101 207 172 480 400 5
197 2880 104 96 255 23 182 2220 200 171 28 498 394 8 112 201 170 483 391 7
198 2880 102 103 264 29 196 2186 205 173 29 464 391 7 98 182 164 444 396 5
199 2880 108 109 264 15 204 2180 217 181 34 416 392 3 54 190 172 416 404 2
200 2880 104 115 258 24 196 2183 219 186 29 458 398 3 63 201 185 449 401 3
201 2880 103 106 240 27 161 2243 209 173 30 460 404 4 72 202 187 461 406 3
202 2880 104 103 242 18 210 2203 207 189 18 465 417 4 43 219 173 435 413 2
203 2880 99 110 255 26 186 2204 209 178 26 479 431 3 100 203 184 487 441 3
204 2880 115 113 234 22 222 2174 228 193 28 489 407 5 70 230 178 478 466 2
205 2880 114 117 267 20 193 2169 231 190 36 479 455 3 70 221 178 469 457 2
206 2880 107 111 267 17 203 2175 218 194 23 496 484 2 83 218 182 483 483 1
207 2880 102 111 253 19 205 2190 213 168 36 509 417 6 81 223 173 477 420 4
208 2880 99 104 287 21 186 2183 203 168 32 515 465 5 107 215 188 510 472 4
209 2880 106 108 250 23 174 2219 214 181 30 475 463 2 99 224 179 502 478 3
210 2880 96 109 239 19 186 2231 205 177 26 469 433 4 69 208 173 450 438 2
211 2880 114 110 243 18 195 2200 224 195 28 476 426 5 82 194 184 460 422 4
212 2880 114 107 259 25 200 2175 221 183 32 479 421 5 72 230 178 480 422 5
213 2880 101 119 239 26 202 2193 220 175 43 456 400 4 121 209 175 505 425 6
214 2880 103 108 253 24 183 2209 211 176 35 509 439 6 97 199 189 485 441 4
215 2880 100 113 289 20 192 2166 213 180 33 537 451 6 143 203 189 535 457 6
216 2880 107 103 251 23 194 2202 210 177 33 536 444 8 155 221 179 555 449 9
217 2880 106 102 234 19 201 2218 208 178 29 545 424 7 124 235 190 549 445 7
218 2880 107 108 258 27 207 2173 215 187 27 597 441 10 129 242 199 570 458 8
219 2880 102 105 249 30 183 2211 207 174 30 507 410 7 148 232 194 574 446 9
220 2880 103 112 245 22 206 2192 215 187 27 519 431 6 118 225 191 534 430 8
221 2880 118 110 260 28 200 2164 228 191 34 526 449 6 124 211 189 524 446 6
222 2880 107 114 242 26 182 2209 221 197 24 495 429 5 90 209 187 486 426 5
223 2880 107 111 268 18 200 2176 218 186 29 505 445 5 120 183 193 496 422 6
224 2880 110 109 277 18 210 2156 219 196 23 471 387 6 75 193 187 455 393 5
225 2880 104 106 243 25 213 2189 210 189 20 460 410 5 97 195 188 480 426 5
226 2880 105 111 221 20 217 2206 216 188 28 449 413 4 108 180 183 471 423 4
227 2880 119 112 254 26 197 2172 231 201 30 508 410 6 115 203 193 511 413 6
228 2880 107 119 265 20 194 2175 226 197 28 486 402 7 110 203 188 501 415 7
229 2880 114 113 205 30 189 2229 227 197 29 469 421 5 118 179 187 484 437 4
230 2880 111 102 238 29 199 2201 213 190 21 505 441 6 84 221 188 493 453 4
231 2880 112 116 235 26 192 2199 228 190 33 513 439 7 107 203 189 499 449 5
232 2880 125 114 249 22 192 2178 239 202 33 500 436 6 89 233 185 507 443 6
233 2880 121 113 268 20 199 2159 234 204 26 485 435 5 89 222 185 496 446 5
234 2880 125 109 267 26 185 2168 234 206 27 529 467 6 107 217 191 515 479 4
235 2880 116 117 238 24 198 2187 233 203 28 470 422 4 77 195 185 457 433 2
236 2880 120 111 230 27 226 2166 231 209 22 463 413 4 110 191 188 489 441 4
237 2880 118 104 250 17 201 2190 222 199 23 495 427 5 108 212 190 510 428 5
238 2880 105 105 228 25 210 2207 210 185 23 468 406 6 98 170 194 462 426 4
239 2880 110 106 244 23 211 2186 216 182 31 471 431 4 94 222 192 508 442 5
240 2880 116 117 263 20 221 2143 233 196 30 479 427 5 94 198 196 488 436 5
241 2880 109 111 214 24 212 2210 220 198 22 452 414 4 84 198 194 476 450 3
242 2880 111 107 258 22 192 2190 218 189 25 463 413 5 98 186 188 472 434 4
243 2880 120 119 212 27 220 2182 239 211 24 479 427 5 53 203 185 441 413 3
244 2880 127 108 203 25 211 2206 235 216 18 460 446 2 58 192 178 428 414 2
245 2880 125 115 226 24 230 2160 240 217 21 431 419 2 55 187 191 433 419 2
246 2880 115 116 233 32 222 2162 231 203 27 463 411 5 83 196 195 474 422 5
247 2880 119 108 237 29 218 2169 227 208 19 474 424 5 71 206 183 460 422 4
248 2880 115 118 214 18 209 2206 233 199 32 474 414 6 91 192 184 467 417 5
249 2880 110 103 250 18 208 2191 213 188 25 454 406 5 70 177 181 428 416 2
250 2880 115 107 190 30 220 2218 222 206 17 428 402 3 72 182 179 433 403 3
251 2880 122 119 224 18 206 2191 241 211 27 456 408 5 72 194 179 445 419 3
252 2880 116 107 209 18 215 2215 223 203 17 458 420 4 57 191 182 430 416 2
253 2880 112 100 209 25 205 2229 212 192 20 452 402 5 81 193 178 452 414 4
254 2880 116 112 205 21 218 2208 228 207 21 454 416 4 91 228 184 503 451 5
255 2880 113 110 224 20 202 2211 223 197 25 483 421 4 103 215 184 502 426 7
256 2880 117 114 216 21 213 2199 231 211 19 516 436 7 102 230 185 517 449 6
257 2880 118 112 215 26 186 2223 230 207 20 499 411 8 89 198 186 473 409 6
258 2880 117 133 218 20 191 2201 250 219 30 471 395 6 77 190 186 453 413 4
259 2880 120 113 216 25 201 2205 233 212 19 466 398 6 74 212 170 456 412 4
260 2880 112 116 205 20 197 2230 228 199 26 432 406 3 44 201 184 429 411 2
261 2880 119 117 218 23 197 2206 236 216 21 422 410 2 58 169 188 415 415 1
262 2880 117 111 226 25 194 2207 228 192 33 467 441 3 93 189 197 479 427 5
263 2880 113 106 225 35 207 2194 219 194 26 497 409 8 87 186 191 464 412 5
264 2880 124 112 226 16 211 2191 236 218 18 482 430 5 93 196 185 474 422 5
265 2880 123 117 220 26 218 2176 240 209 30 511 449 6 95 209 193 497 457 4
266 2880 128 112 234 28 198 2180 240 208 26 499 463 4 89 199 189 477 439 4
267 2880 123 109 228 17 214 2189 232 216 17 463 439 3 81 176 197 454 454 1
268 2880 135 115 215 22 187 2206 250 228 21 484 460 3 83 190 201 474 462 2
269 2880 117 115 233 34 181 2200 232 209 22 507 434 6 83 186 201 470 444 3
270 2880 127 118 216 28 221 2170 245 222 22 461 437 3 83 173 201 457 431 3
271 2880 118 126 219 23 203 2191 244 216 26 476 438 4 83 173 201 457 431 3
272 2880 115 111 240 29 202 2183 226 190 34 461 423 4 77 184 195 456 418 4
273 2880 117 121 227 28 217 2170 238 208 30 508 458 5 107 197 201 505 469 4
274 2880 119 105 231 22 203 2200 224 203 20 490 478 2 91 198 201 490 478 2
275 2880 116 123 210 23 211 2197 239 211 29 481 445 4 103 177 201 481 457 3
276 2880 118 120 211 30 202 2199 238 211 26 498 454 4 109 157 201 467 443 3
277 2880 124 111 220 22 227 2176 235 209 23 478 440 4 120 171 201 492 454 4
278 2880 115 103 205 37 226 2194 218 194 25 483 425 5 104 186 179 469 433 4
279 2880 112 118 200 23 237 2190 230 207 21 507 435 6 124 159 198 481 445 4
280 2880 114 117 204 24 185 2236 231 203 26 540 434 9 132 178 204 514 443 5
281 2880 115 107 214 18 229 2197 222 197 18 513 431 6 133 176 191 500 442 4
282 2880 116 106 223 21 216 2198 222 202 21 496 452 4 77 209 207 493 473 2
283 2880 115 105 247 18 215 2180 220 191 22 507 463 4 79 211 205 495 459 4
284 2880 126 114 225 16 204 2195 240 216 24 503 452 4 69 211 205 485 453 3
285 2880 118 109 219 19 198 2217 227 203 23 490 430 6 75 200 195 470 446 3
286 2880 112 116 216 16 216 2204 228 200 26 491 446 4 75 204 195 474 450 3
287 2880 120 121 218 25 216 2180 241 210 29 488 440 5 77 194 193 464 440 3
288 2880 118 115 235 31 222 2159 233 203 26 521 447 6 80 224 194 498 446 5
289 2880 125 110 251 20 201 2173 235 201 24 537 497 3 91 226 193 510 448 4
290 2880 127 124 252 28 199 2150 251 218 30 493 441 4 90 227 196 513 449 5
291 2880 124 117 213 32 230 2164 241 217 23 468 444 3 84 202 190 476 452 3
292 2880 106 113 242 27 193 2199 219 192 27 493 435 5 95 212 191 498 436 5
293 2880 114 113 254 26 195 2178 227 196 27 501 435 6 104 212 197 513 447 6
294 2880 127 120 275 25 216 2117 247 211 34 553 473 6 107 232 194 533 449 7
295 2880 123 107 264 26 201 2159 230 202 26 504 444 4 107 217 196 520 460 4
296 2880 127 114 238 25 213 2163 241 204 32 492 456 4 92 206 197 495 449 4
297 2880 127 107 231 15 194 2206 234 203 26 496 446 5 111 226 196 533 451 6
298 2880 120 112 226 16 202 2204 232 210 20 506 456 4 89 227 196 512 444 5
299 2880 115 104 259 19 194 2189 219 189 30 507 433 5 105 217 196 518 444 4
300 2880 119 114 237 19 219 2172 233 205 23 524 476 5 93 214 202 509 473 4
301 2880 131 115 221 20 183 2210 246 217 23 496 472 3 106 212 197 515 479 4
302 2880 131 110 225 22 227 2165 241 215 26 482 432 5 97 202 193 492 442 5
303 2880 129 103 236 17 218 2177 232 209 20 522 474 5 91 218 198 507 459 5
304 2880 130 110 219 28 190 2203 240 213 23 513 477 4 139 216 199 554 506 5
305 2880 123 117 240 27 188 2185 240 205 34 510 486 3 80 234 194 508 496 2
306 2880 128 112 264 21 194 2161 240 214 24 516 452 6 69 239 191 499 427 6
307 2880 125 108 248 24 198 2177 233 201 27 500 409 7 85 212 189 486 434 4
308 2880 117 119 253 26 189 2176 236 201 32 528 452 5 107 212 201 520 436 5
309 2880 126 115 247 21 189 2182 241 209 27 517 425 6 79 222 205 506 440 4
310 2880 125 114 268 24 209 2140 239 199 32 546 472 7 116 226 196 538 476 6
311 2880 112 119 272 20 207 2150 231 190 39 508 436 6 105 215 200 520 496 3
312 2880 111 113 248 22 208 2178 224 194 20 544 454 7 105 233 195 533 443 7
313 2880 110 118 251 16 197 2188 228 203 24 503 423 6 67 215 187 469 429 3
314 2880 117 109 236 20 203 2195 226 192 33 491 427 6 63 245 187 495 433 5
315 2880 122 118 233 27 207 2173 240 212 27 532 484 5 85 231 193 509 485 3
316 2880 112 115 245 30 225 2153 227 196 30 534 496 4 73 262 187 522 496 3
317 2880 124 118 234 24 229 2151 242 202 37 543 492 4 60 267 188 515 503 2
318 2880 113 106 259 21 175 2206 219 187 32 483 447 4 90 220 182 492 456 4
319 2880 121 119 245 14 239 2142 240 202 34 507 495 2 70 231 191 492 480 2
320 2880 126 123 226 18 201 2186 249 219 26 498 486 2 78 231 194 503 491 2
321 2880 110 114 210 17 209 2220 224 204 19 508 472 4 66 238 182 486 474 2
322 2880 119 113 213 19 213 2203 232 203 29 472 448 3 66 228 182 476 464 2
323 2880 114 112 241 19 204 2190 226 197 27 461 443 2 52 230 188 470 452 2
324 2880 127 122 222 9 194 2206 249 217 28 493 451 4 60 235 194 489 459 3
325 2880 120 108 242 12 171 2227 228 195 31 467 437 3 45 238 185 468 438 3
326 2880 128 113 221 18 197 2203 241 218 23 491 455 4 69 218 191 478 454 3
327 2880 118 106 233 21 183 2219 224 195 29 474 462 2 63 229 191 483 459 3
328 2880 128 129 227 9 205 2182 257 218 33 455 431 3 61 201 199 461 449 2
329 2880 125 121 229 16 191 2198 246 220 24 450 450 1 68 190 202 460 460 1
330 2880 123 109 244 19 191 2194 232 204 25 473 473 1 68 197 202 467 467 1
331 2880 134 119 237 20 207 2163 253 224 27 484 472 2 67 215 203 485 485 1
332 2880 131 111 244 15 204 2175 242 222 21 508 470 4 68 222 198 488 474 2
333 2880 126 115 264 8 192 2175 241 217 23 544 468 7 116 227 198 541 491 5
334 2880 134 119 242 15 185 2185 253 221 31 549 481 5 130 213 198 541 485 4
335 2880 128 124 240 15 194 2179 252 222 27 494 470 3 80 204 198 482 470 2
336 2880 132 116 240 16 183 2193 248 219 30 501 465 4 75 207 199 481 469 2
337 2880 138 128 214 17 177 2206 266 237 27 504 480 3 92 226 202 520 496 3
338 2880 129 125 228 20 199 2179 254 230 24 510 474 4 63 221 199 483 471 2
339 2880 132 121 228 18 187 2194 253 227 27 456 444 2 57 225 199 481 469 2
340 2880 130 114 213 17 187 2219 244 220 20 460 436 3 93 228 199 520 484 4
341 2880 120 112 236 20 200 2192 232 211 22 552 490 6 82 222 198 502 478 3
342 2880 127 109 221 21 217 2185 236 205 29 477 477 1 58 214 198 470 470 1
343 2880 133 113 233 26 202 2173 246 220 27 476 440 4 105 221 199 525 501 3
344 2880 126 117 231 20 199 2187 243 216 26 483 459 3 81 247 199 527 491 4
345 2880 136 119 208 20 192 2205 255 239 17 514 444 5 113 205 203 521 475 4
346 2880 136 129 217 26 176 2196 265 237 26 526 468 5 108 198 206 512 478 3
347 2880 133 125 234 28 207 2153 258 221 35 579 495 6 148 203 221 572 506 5
348 2880 123 117 237 24 216 2163 240 213 25 538 480 5 144 208 205 557 487 6
349 2880 118 118 246 22 206 2170 236 203 30 589 519 5 157 202 204 563 505 5
350 2880 122 126 239 18 203 2172 248 216 29 535 465 6 149 206 206 561 491 6
351 2880 133 105 232 31 207 2172 238 221 18 549 479 5 147 231 211 589 507 6
352 2880 127 115 226 26 206 2180 242 221 19 537 467 6 133 208 205 546 476 6
353 2880 129 123 232 22 203 2171 252 222 30 542 472 6 174 220 208 602 508 8
354 2880 133 129 228 22 194 2174 262 239 24 607 537 6 152 216 202 570 488 7
355 2880 123 114 247 19 172 2205 237 211 26 569 497 7 143 213 201 557 497 6
356 2880 130 117 216 22 177 2218 247 222 26 550 478 6 132 219 210 561 513 5
357 2880 126 125 233 31 186 2179 251 225 26 570 486 8 141 208 207 556 496 5
358 2880 129 110 240 19 211 2171 239 218 21 519 471 5 119 204 207 530 482 5
359 2880 138 133 227 18 178 2186 271 241 29 483 447 4 101 196 201 498 462 4
360 2880 118 113 246 27 218 2158 231 206 24 512 462 5 97 202 197 496 458 4
361 2880 124 120 231 23 201 2181 244 217 28 546 474 6 109 189 196 494 470 3
362 2880 114 118 241 32 212 2163 232 215 18 505 443 6 106 189 188 483 447 4
363 2880 124 121 226 23 227 2159 245 224 22 479 443 4 97 199 197 493 457 4
364 2880 118 119 232 19 193 2199 237 206 29 503 467 4 106 193 182 481 445 4
365 2880 118 104 218 21 219 2200 222 198 22 459 423 4 112 193 182 487 439 5
366 2880 121 125 224 29 208 2173 246 215 29 509 461 5 128 186 203 517 469 5
367 2880 118 117 235 24 175 2211 235 206 29 489 453 4 88 183 202 473 449 3
368 2880 126 117 224 25 200 2188 243 222 22 481 449 3 118 190 198 506 450 4
369 2880 122 119 218 25 200 2196 241 217 23 510 450 5 130 190 198 518 450 5
370 2880 125 126 204 25 207 2193 251 227 24 503 455 5 116 181 204 501 453 5
371 2880 124 120 220 24 196 2196 244 221 22 477 441 4 99 188 191 478 442 4
372 2880 119 120 249 21 202 2169 239 213 26 515 465 5 81 195 201 477 465 2
373 2880 119 120 236 31 183 2191 239 213 25 492 468 3 117 182 197 496 460 4
374 2880 125 126 245 35 182 2167 251 217 32 510 458 4 123 218 195 536 458 6
375 2880 130 113 247 27 204 2159 243 212 28 490 438 4 97 196 189 482 456 2
376 2880 114 125 226 27 203 2185 239 206 29 534 472 5 105 180 201 486 462 3
377 2880 123 125 230 24 230 2148 248 221 26 532 470 6 123 194 201 518 480 4
378 2880 122 128 282 25 215 2108 250 212 35 543 467 7 137 199 191 527 477 5
379 2880 115 128 265 23 211 2138 243 211 27 566 504 6 173 196 191 560 498 6
380 2880 131 136 219 15 204 2175 267 239 24 529 456 6 112 205 214 531 481 5
381 2880 133 118 255 25 206 2143 251 225 25 554 518 4 127 227 215 569 521 5
382 2880 126 119 224 25 188 2198 245 212 31 540 468 6 136 206 190 532 472 5
383 2880 132 126 238 18 207 2159 258 234 23 567 507 5 132 212 220 564 516 4
384 2880 131 129 253 20 228 2119 260 225 33 583 493 5 132 218 213 563 527 4
385 2880 133 122 228 24 186 2187 255 221 32 568 522 4 128 235 220 583 535 4
386 2880 139 125 244 18 203 2151 264 229 32 514 476 3 96 234 216 546 520 3
387 2880 130 121 231 24 191 2183 251 221 28 533 509 3 115 221 216 552 517 3
388 2880 129 123 257 25 213 2133 252 223 28 515 503 2 93 237 215 545 519 3
389 2880 135 118 231 26 206 2164 253 228 24 535 511 3 86 232 210 528 502 3
390 2880 130 115 248 23 237 2127 245 220 24 567 517 5 122 231 212 565 529 4
391 2880 122 124 260 29 200 2145 246 211 35 555 507 5 146 229 206 581 519 6
392 2880 136 119 247 11 199 2168 255 222 33 567 493 6 123 277 209 609 520 5
393 2880 127 139 262 33 207 2112 266 230 34 584 548 4 151 239 214 604 554 5
394 2880 136 123 248 29 217 2127 259 225 33 609 561 5 155 242 230 627 589 4
395 2880 133 128 281 26 200 2112 261 230 28 608 596 2 133 241 214 588 576 2
396 2880 140 125 247 19 202 2147 265 238 25 554 554 1 122 250 221 593 567 3
397 2880 138 123 229 20 211 2159 261 231 25 539 515 3 115 228 212 555 543 2
398 2880 141 124 230 21 226 2138 265 235 29 546 522 3 122 221 212 555 543 2
399 2880 130 118 271 20 258 2083 248 229 19 578 554 3 127 230 219 576 564 2
400 2880 141 130 219 25 229 2136 271 243 27 568 542 3 98 234 226 558 546 2
401 2880 139 117 247 25 213 2139 256 240 17 546 498 5 101 219 223 543 531 2
402 2880 134 129 221 19 225 2152 263 238 22 502 476 3 104 190 204 498 486 2
403 2880 128 111 229 16 205 2191 239 224 16 478 466 2 120 200 216 536 500 4
404 2880 137 124 276 29 228 2086 261 231 28 541 493 4 124 237 196 557 521 3
405 2880 136 120 234 25 184 2181 256 229 23 543 531 2 98 262 200 560 548 2
406 2880 133 130 234 15 207 2161 263 239 24 506 470 3 97 227 187 511 499 2
407 2880 126 117 239 16 177 2205 243 217 25 477 465 2 93 219 181 493 481 2
408 2880 134 120 210 20 176 2220 254 230 23 506 480 3 101 203 201 505 493 2
409 2880 130 120 250 14 201 2165 250 224 26 497 473 3 131 191 203 525 501 3
410 2880 129 122 234 23 177 2195 251 224 25 491 479 2 108 201 186 495 483 2
411 2880 132 116 237 11 193 2191 248 214 31 535 535 1 103 223 201 527 527 1
412 2880 131 107 231 24 200 2187 238 215 21 501 465 4 81 223 179 483 471 2
413 2880 137 116 212 27 207 2181 253 234 20 522 510 2 98 240 192 530 518 2
414 2880 135 112 239 30 199 2165 247 217 28 512 500 2 106 212 198 516 504 2
415 2880 129 130 214 34 202 2171 259 235 24 534 484 5 109 218 195 522 496 3
416 2880 128 121 219 29 206 2177 249 227 23 511 487 3 106 207 192 505 493 2
417 2880 129 114 217 18 182 2220 243 225 19 510 498 2 115 205 195 515 491 3
418 2880 134 122 214 26 196 2188 256 232 23 518 459 5 112 205 203 520 485 3
419 2880 137 117 214 20 208 2184 254 227 28 534 487 4 105 207 206 518 483 3
420 2880 128 112 207 23 207 2203 240 223 17 517 481 4 92 219 198 509 485 3
421 2880 130 118 208 21 206 2197 248 229 19 513 489 3 95 210 195 500 476 3
422 2880 136 126 201 24 203 2190 262 240 17 494 482 2 123 208 193 524 478 4
423 2880 135 119 214 18 219 2175 254 229 26 531 495 4 130 220 199 549 505 4
424 2880 127 113 212 22 193 2213 240 218 23 553 529 3 130 225 200 555 519 4
425 2880 131 127 216 20 198 2188 258 226 28 523 475 5 140 202 212 554 506 5
426 2880 135 113 227 24 208 2173 248 235 14 561 489 7 107 241 207 555 495 6
427 2880 138 119 228 17 197 2181 257 238 20 587 539 5 101 254 217 572 536 4
428 2880 142 115 240 33 181 2169 257 238 19 542 506 4 94 255 206 555 519 4
429 2880 139 117 208 18 193 2205 256 234 23 539 501 4 96 247 202 545 507 4
430 2880 128 111 219 29 184 2209 239 221 18 533 471 6 109 233 201 543 481 6
431 2880 138 111 247 20 190 2174 249 233 17 564 501 4 119 238 201 558 496 6
432 2880 137 107 227 19 191 2199 244 225 20 569 501 6 111 250 203 564 488 7
433 2880 130 110 215 15 199 2211 240 225 16 548 492 5 96 261 206 563 485 6
434 2880 140 116 243 23 244 2114 256 230 27 516 478 4 61 231 209 501 489 2
435 2880 141 111 215 25 201 2187 252 231 22 555 489 6 89 253 203 545 491 5
436 2880 141 118 236 26 235 2124 259 238 21 518 476 4 61 249 203 513 483 3
437 2880 148 113 254 28 209 2128 261 239 22 549 525 3 76 277 204 557 515 4
438 2880 147 115 224 21 213 2160 262 237 23 562 532 3 68 260 200 528 502 3
439 2880 140 119 269 16 193 2143 259 235 24 560 488 6 63 298 205 566 494 6
440 2880 150 123 237 16 202 2152 273 253 20 573 515 5 88 287 212 587 529 5
441 2880 146 122 229 15 178 2190 268 243 23 554 514 4 73 297 215 585 527 5
442 2880 138 124 220 20 196 2182 262 237 23 525 511 2 58 260 209 527 487 4
443 2880 141 130 228 24 190 2167 271 250 21 585 507 7 79 287 218 584 516 6
444 2880 135 111 233 23 192 2186 246 228 18 635 555 7 103 327 224 654 582 6
445 2880 141 102 212 23 201 2201 243 222 22 594 518 7 117 239 222 578 514 6
446 2880 143 110 227 27 197 2176 253 239 12 580 540 4 122 255 228 605 553 5
447 2880 146 128 216 28 178 2184 274 248 27 529 491 4 74 263 208 545 519 3
448 2880 134 122 250 25 190 2159 256 234 22 534 508 3 83 231 223 537 511 3
449 2880 144 121 214 29 181 2191 265 244 22 533 507 3 81 241 217 539 501 4
450 2880 139 114 221 18 205 2183 253 243 10 589 539 5 110 246 218 574 512 6
451 2880 142 127 215 24 192 2180 269 248 19 549 499 5 80 250 216 546 492 5
452 2880 142 124 246 25 187 2156 266 245 20 580 502 7 118 244 215 577 499 7
453 2880 139 110 229 22 221 2159 249 234 15 544 494 5 76 245 214 535 497 4
454 2880 148 124 219 26 173 2190 272 253 19 575 513 6 117 222 225 564 516 5
455 2880 152 131 234 18 182 2163 283 263 21 590 518 5 85 251 229 565 525 4
456 2880 152 130 243 23 172 2160 282 261 21 578 540 4 94 241 232 567 529 4
457 2880 156 130 220 29 198 2147 286 265 20 523 523 1 60 231 232 523 523 1
458 2880 149 123 259 22 191 2136 272 248 22 544 520 3 72 222 230 524 524 1
459 2880 154 133 238 23 191 2141 287 260 23 544 518 3 86 222 222 530 506 3
460 2880 143 130 256 22 159 2170 273 239 30 473 473 1 67 206 207 480 480 1
461 2880 138 119 242 21 181 2179 257 235 22 481 481 1 64 206 214 484 484 1
462 2880 144 132 275 23 191 2115 276 248 26 486 486 1 45 236 213 494 476 2
463 2880 143 135 229 28 200 2145 278 249 28 512 482 3 40 238 212 490 472 2
464 2880 145 127 233 23 185 2167 272 246 24 532 484 5 76 233 220 529 487 4
465 2880 140 134 240 24 186 2156 274 246 27 509 471 4 40 239 212 491 477 2
466 2880 133 131 232 20 175 2189 264 234 27 500 476 3 56 239 208 503 475 2
467 2880 144 123 267 30 208 2108 267 238 27 493 479 2 50 237 206 493 479 2
468 2880 142 134 257 24 201 2122 276 254 22 535 495 4 68 258 218 544 504 4
469 2880 140 122 228 23 213 2154 262 237 24 539 527 2 108 236 218 562 536 3
470 2880 143 126 233 24 185 2169 269 253 16 551 515 4 90 231 216 537 525 2
471 2880 135 126 225 17 214 2163 261 236 26 539 494 4 101 229 211 541 517 3
472 2880 138 127 201 28 181 2205 265 243 22 502 478 3 90 213 210 513 501 2
473 2880 146 139 239 19 179 2158 285 248 34 533 497 4 108 207 216 531 507 3
474 2880 138 129 230 19 205 2159 267 242 25 516 492 3 121 200 213 534 500 3
475 2880 138 125 231 18 207 2161 263 242 21 520 496 3 103 204 209 516 492 3
476 2880 139 125 257 20 183 2156 264 240 25 538 500 4 136 218 210 564 492 6
477 2880 137 125 238 21 175 2184 262 241 20 569 519 5 116 208 221 545 507 4
478 2880 135 116 228 28 193 2180 251 228 22 505 491 2 89 223 207 519 493 3
479 2880 134 133 248 21 192 2152 267 240 28 505 481 3 88 206 223 517 503 2
480 2880 142 134 226 26 183 2169 276 250 23 544 520 3 106 212 227 545 521 3
481 2880 151 136 239 26 202 2126 287 263 21 571 535 4 129 213 211 553 529 3
482 2880 139 138 246 29 191 2137 277 242 33 542 518 3 82 235 214 531 531 1
483 2880 142 141 237 26 194 2140 283 255 28 571 535 4 130 206 214 550 526 3
484 2880 147 131 238 20 188 2156 278 245 31 561 525 4 147 203 217 567 531 4
485 2880 133 129 237 17 173 2191 262 239 21 569 533 4 137 204 219 560 524 4
486 2880 139 139 217 27 221 2137 278 249 27 545 509 4 125 203 219 547 511 4
487 2880 142 126 214 26 204 2168 268 246 21 503 491 2 78 198 216 492 492 1
488 2880 141 128 251 32 176 2152 269 236 31 508 472 4 58 200 216 474 474 1
489 2880 139 132 258 31 215 2105 271 240 30 470 470 1 55 214 215 484 470 2
490 2880 141 125 232 22 208 2152 266 239 28 480 468 2 71 198 219 488 476 2
491 2880 139 133 242 23 199 2144 272 241 29 523 477 4 78 191 225 494 482 2
492 2880 143 122 236 26 195 2158 265 247 18 476 464 2 60 199 217 476 464 2
493 2880 140 131 226 26 209 2148 271 240 30 468 456 2 67 195 215 477 465 2
494 2880 153 129 247 22 232 2097 282 247 34 550 484 6 88 216 222 526 484 4
495 2880 143 144 247 25 194 2127 287 257 30 516 478 4 106 196 228 530 506 3
496 2880 141 143 241 26 219 2110 284 258 25 548 512 4 117 199 231 547 511 4
497 2880 151 132 264 20 214 2099 283 259 25 541 517 3 96 214 231 541 529 2
498 2880 144 134 252 29 184 2137 278 251 26 541 505 4 99 193 230 522 498 3
499 2880 145 141 248 18 174 2154 286 257 28 543 507 4 119 195 235 549 525 3
500 2880 147 136 256 22 196 2123 283 253 27 547 499 5 104 201 225 530 494 4
501 2880 143 135 249 31 188 2134 278 253 21 564 516 5 130 192 233 555 497 4
502 2880 148 121 220 21 198 2172 269 249 17 594 534 6 120 199 238 557 533 3
503 2880 144 129 253 25 187 2142 273 255 19 522 510 2 119 204 237 560 548 2
504 2880 150 137 255 32 201 2105 287 261 26 568 508 6 134 209 232 575 539 4
505 2880 142 128 261 30 191 2128 270 243 23 550 538 2 100 210 234 544 532 2
506 2880 144 122 237 30 198 2149 266 241 23 542 530 2 100 217 234 551 539 2
507 2880 145 126 244 23 214 2128 271 246 24 541 503 4 78 251 236 565 533 3
508 2880 155 135 218 28 197 2147 290 264 24 544 516 3 60 238 230 528 510 2
509 2880 152 146 256 23 184 2119 298 270 28 612 550 6 92 232 238 562 520 4
510 2880 161 147 238 35 177 2122 308 277 30 589 551 4 98 245 241 584 554 3
511 2880 149 136 248 28 168 2151 285 264 21 575 543 3 116 241 242 599 539 5
512 2880 141 134 257 28 179 2141 275 246 27 586 542 4 115 248 231 594 544 4
513 2880 144 135 250 28 181 2142 279 250 28 582 532 4 90 233 236 559 517 4
514 2880 151 142 279 25 175 2108 293 262 28 577 527 5 88 240 234 562 520 4
515 2880 158 137 244 20 179 2142 295 265 30 577 545 3 112 227 238 577 553 3
516 2880 153 137 256 23 172 2139 290 262 25 585 549 4 84 241 242 567 523 4
517 2880 144 133 270 19 188 2126 277 254 23 583 541 4 117 230 242 589 547 4
518 2880 154 161 270 32 165 2098 315 278 32 591 534 5 130 232 243 605 541 5
519 2880 152 142 283 26 174 2103 294 259 29 593 555 3 112 231 245 588 544 4
520 2880 148 136 288 23 210 2075 284 259 26 608 539 5 107 241 240 588 536 5
521 2880 154 131 276 22 161 2136 285 265 21 621 551 6 116 257 237 610 540 6
522 2880 146 137 264 23 192 2118 283 251 31 580 532 4 99 265 234 598 533 4
523 2880 154 129 273 28 173 2123 283 256 22 583 529 4 118 252 249 619 539 5
524 2880 154 140 241 26 181 2138 294 269 22 604 550 5 139 239 238 616 544 6
525 2880 148 138 256 27 155 2156 286 254 31 603 549 4 131 227 232 590 536 4
526 2880 148 141 264 17 169 2141 289 260 29 631 553 6 134 258 227 619 549 5
527 2880 158 152 263 22 167 2118 310 276 33 590 548 3 135 239 232 606 536 5
528 2880 146 132 278 18 174 2132 278 254 23 552 516 4 110 213 232 555 531 3
529 2880 153 141 253 19 171 2143 294 260 28 553 529 3 110 213 232 555 531 3
530 2880 150 137 245 22 177 2149 287 252 32 587 539 4 146 217 232 595 571 3
531 2880 156 141 255 23 169 2136 297 272 26 587 527 6 122 213 232 567 531 4
532 2880 151 139 244 26 157 2163 290 266 23 573 537 4 155 210 232 597 549 4
533 2880 146 138 236 16 175 2169 284 252 29 587 551 4 117 212 230 559 523 4
534 2880 145 130 248 20 164 2173 275 256 18 609 533 7 115 234 236 585 529 4
535 2880 150 140 264 18 171 2137 290 257 29 614 566 4 132 227 235 594 570 3
536 2880 147 136 252 17 160 2168 283 254 29 603 577 3 119 247 246 612 600 2
537 2880 146 130 222 17 175 2190 276 246 26 563 539 3 98 232 231 561 549 2
538 2880 143 127 241 27 161 2181 270 249 22 544 518 3 98 239 228 565 541 3
539 2880 146 134 260 22 159 2159 280 257 23 532 518 2 91 243 225 559 547 2
540 2880 156 136 210 26 165 2187 292 271 20 542 506 4 99 232 229 560 536 3
541 2880 159 136 239 20 167 2159 295 272 23 571 541 3 106 239 236 581 551 3
542 2880 157 130 280 17 143 2153 287 259 28 557 533 3 96 230 232 558 534 3
543 2880 156 130 245 26 173 2150 286 263 22 556 544 2 92 260 228 580 556 3
544 2880 158 142 275 17 164 2124 300 268 31 552 516 4 98 248 227 573 549 3
545 2880 157 136 243 17 144 2183 293 270 22 594 556 4 105 251 238 594 556 4
546 2880 152 130 232 19 148 2199 282 262 20 585 537 5 92 248 228 568 544 3
547 2880 157 128 235 24 161 2175 285 253 28 581 557 3 106 241 234 581 557 3
548 2880 155 132 213 12 182 2186 287 265 23 566 554 2 117 222 242 581 557 3
549 2880 154 131 289 18 163 2125 285 259 27 627 579 5 109 240 249 598 574 3
550 2880 145 135 262 23 186 2129 280 252 26 630 580 5 153 249 245 647 599 3
551 2880 156 142 252 20 182 2128 298 263 31 595 559 4 106 241 246 593 569 3
552 2880 144 133 254 14 180 2155 277 255 20 589 539 5 113 234 231 578 540 4
553 2880 139 131 240 14 197 2159 270 241 27 563 525 4 119 227 234 580 542 4
554 2880 154 132 236 24 150 2184 286 259 27 574 548 3 101 251 240 592 566 3
555 2880 147 136 265 19 196 2117 283 247 36 575 537 4 99 233 236 568 542 3
556 2880 154 133 229 26 205 2133 287 251 37 587 537 4 96 244 239 579 553 3
557 2880 151 135 242 16 195 2141 286 256 27 567 555 2 111 215 236 562 538 3
558 2880 144 131 242 22 189 2152 275 245 27 561 535 3 99 236 236 571 545 3
559 2880 150 132 249 23 190 2136 282 259 23 559 547 2 107 232 240 579 553 3
560 2880 145 141 264 27 175 2128 286 250 33 600 570 3 140 230 231 601 563 4
561 2880 147 131 261 23 174 2144 278 249 28 610 572 4 133 227 226 586 548 4
562 2880 140 143 249 27 180 2141 283 249 31 624 562 5 137 233 234 604 566 4
563 2880 139 137 276 15 185 2128 276 251 24 615 553 5 156 229 231 616 558 5
564 2880 136 129 265 26 162 2162 265 229 35 589 539 5 130 223 237 590 552 4
565 2880 138 130 265 21 183 2143 268 234 27 581 521 5 134 240 224 598 524 6
566 2880 152 132 237 20 190 2149 284 257 28 631 548 6 124 242 221 587 518 5
567 2880 152 130 224 24 172 2178 282 256 25 605 528 5 144 245 221 610 533 5
568 2880 160 140 261 19 178 2122 300 266 34 600 526 3 153 245 224 622 536 3
569 2880 151 133 258 18 174 2146 284 265 19 587 513 3 125 250 220 595 533 2
570 2880 155 147 251 26 188 2113 302 270 27 631 569 2 161 219 235 615 563 3
571 2880 141 123 269 29 174 2144 264 236 25 605 556 3 147 246 229 622 569 3
572 2880 146 150 256 24 190 2114 296 269 26 593 515 3 125 233 231 589 535 2
573 2880 141 142 278 28 158 2133 283 248 34 595 539 4 162 219 230 611 555 4
574 2880 153 151 257 22 171 2126 304 262 37 609 529 4 157 227 227 611 555 4
575 2880 145 138 245 26 161 2165 283 256 26 611 565 2 162 222 221 605 569 3
576 2880 155 144 275 19 192 2095 299 261 38 603 545 3 138 225 228 591 554 3
577 2880 141 132 271 17 170 2149 273 244 28 591 519 4 127 232 221 580 530 4
578 2880 152 139 258 20 168 2143 291 263 26 615 549 3 148 230 227 605 549 4
579 2880 143 139 285 15 179 2119 282 248 34 587 538 4 111 234 225 570 533 3
580 2880 139 129 261 26 158 2167 268 242 25 640 558 5 169 218 223 610 538 6
581 2880 153 145 261 16 195 2110 298 259 37 606 533 6 139 247 225 611 534 6
582 2880 149 124 255 31 164 2157 273 245 28 599 500 8 155 245 223 623 524 8
583 2880 155 137 244 19 173 2152 292 261 31 557 509 5 131 229 215 575 515 6
584 2880 144 125 272 10 181 2148 269 242 26 579 517 6 143 225 215 583 511 7
585 2880 152 124 254 22 185 2143 276 250 26 585 511 6 137 237 221 595 521 6
586 2880 153 143 280 21 168 2115 296 255 38 559 523 3 140 233 224 597 523 6
587 2880 141 134 256 21 154 2174 275 239 34 583 535 5 140 244 224 608 534 7
588 2880 144 134 268 26 174 2134 278 250 25 602 540 6 137 244 221 602 524 7
589 2880 157 135 278 18 170 2122 292 259 28 574 526 5 138 239 222 599 525 7
590 2880 150 139 284 28 187 2092 289 253 34 601 527 7 146 237 224 607 533 7
591 2880 153 135 274 28 180 2110 288 257 28 600 540 6 146 223 224 593 533 6
592 2880 154 130 275 21 157 2143 284 247 34 542 494 5 116 225 218 559 511 5
593 2880 156 148 264 24 178 2110 304 262 38 567 513 5 98 233 224 555 513 4
594 2880 155 146 296 20 157 2106 301 264 36 582 514 5 127 220 218 565 506 5
595 2880 147 137 285 15 164 2132 284 251 33 589 539 5 116 239 218 573 523 5
596 2880 142 138 274 22 188 2116 280 243 34 587 515 7 128 230 218 576 528 5
597 2880 151 131 251 28 162 2157 282 257 24 574 526 5 125 246 221 592 544 5
598 2880 159 129 285 26 155 2126 288 258 29 630 532 8 133 263 221 617 535 7
599 2880 142 134 273 35 158 2138 276 244 30 600 526 7 121 273 221 615 539 7
600 2880 145 133 282 18 190 2112 278 250 28 604 542 6 121 262 221 604 542 6
601 2880 158 138 266 25 169 2124 296 262 33 619 545 7 132 273 218 623 549 7
602 2880 151 131 280 18 166 2134 282 246 27 609 523 8 122 255 214 591 529 6
603 2880 138 113 286 21 171 2151 251 230 21 589 493 9 161 248 209 618 522 9
604 2880 141 130 265 20 171 2153 271 243 27 585 511 7 153 254 221 628 532 8
605 2880 149 140 286 17 160 2128 289 259 29 638 518 11 179 239 219 637 529 9
606 2880 150 140 268 13 176 2133 290 260 27 595 535 6 130 253 220 603 529 7
607 2880 146 130 286 23 158 2137 276 236 37 643 533 8 130 251 226 607 533 7
608 2880 152 146 280 28 183 2091 298 252 42 618 532 8 148 252 229 629 543 7
609 2880 149 132 308 24 168 2099 281 243 33 593 533 6 138 239 222 599 539 6
610 2880 145 123 278 22 172 2140 268 235 26 564 502 6 104 253 212 569 521 5
611 2880 146 126 294 24 184 2106 272 244 28 570 510 6 106 239 218 563 515 5
612 2880 141 125 293 20 184 2117 266 239 27 561 501 6 142 224 212 578 518 6
613 2880 138 126 273 21 160 2162 264 234 28 584 510 7 134 225 222 581 507 7
614 2880 139 139 251 17 187 2147 278 242 27 582 508 6 149 225 225 599 525 6
615 2880 146 130 255 17 184 2148 276 241 29 603 519 6 200 232 220 652 544 8
616 2880 131 128 254 33 167 2167 259 230 27 588 526 5 162 235 219 616 542 6
617 2880 138 134 288 17 183 2120 272 237 33 583 523 6 151 228 224 603 541 6
618 2880 152 123 264 20 195 2126 275 246 29 608 538 6 140 245 229 614 552 6
619 2880 136 135 256 22 178 2153 271 239 29 601 527 7 148 231 225 604 530 7
620 2880 147 146 280 24 177 2106 293 255 34 635 561 7 144 237 245 626 564 6
621 2880 151 146 264 32 186 2101 297 270 25 620 570 5 141 244 240 625 575 5
622 2880 138 142 311 18 164 2107 280 238 38 599 537 6 137 236 236 609 547 6
623 2880 148 132 277 21 159 2143 280 247 31 587 527 6 170 229 223 622 548 7
624 2880 136 124 273 24 166 2157 260 239 22 652 564 8 148 246 233 627 565 6
625 2880 141 132 263 24 175 2145 273 248 24 628 554 7 149 246 238 633 559 6
626 2880 145 139 298 28 159 2111 284 255 28 619 575 4 107 267 240 614 576 4
627 2880 144 129 266 15 175 2151 273 248 25 632 566 6 135 245 241 621 559 6
628 2880 154 137 251 20 157 2161 291 255 33 612 550 6 133 247 239 619 557 6
629 2880 151 141 267 20 186 2115 292 264 28 602 540 6 147 251 237 635 561 7
630 2880 142 133 276 23 177 2129 275 248 26 619 551 5 153 243 241 637 557 6
631 2880 151 135 267 23 170 2134 286 265 21 624 540 7 153 269 247 669 543 6
632 2880 143 141 265 21 163 2147 284 250 34 622 538 6 156 243 238 637 541 8
633 2880 143 130 260 20 185 2142 273 249 23 593 533 5 120 251 242 613 553 5
634 2880 147 132 232 21 167 2181 279 256 23 559 537 2 106 230 240 576 542 3
635 2880 151 133 250 24 166 2156 284 260 24 599 541 5 131 236 242 609 552 4
636 2880 150 132 251 15 184 2148 282 259 23 617 559 5 138 219 250 607 561 4
637 2880 153 135 247 29 150 2166 288 260 28 590 556 3 122 228 258 608 560 4
638 2880 155 132 294 22 184 2093 287 265 21 625 547 6 144 262 254 660 582 6
639 2880 157 138 246 16 180 2143 295 271 24 614 566 4 123 235 265 623 575 4
640 2880 166 148 249 25 185 2107 314 271 41 605 557 4 121 224 258 603 581 2
641 2880 155 138 242 18 171 2156 293 266 24 587 563 3 132 222 247 601 555 4
642 2880 150 150 265 25 145 2145 300 260 38 594 548 4 113 230 249 592 558 3
643 2880 151 143 258 19 191 2118 294 265 28 601 555 4 137 220 253 610 576 3
644 2880 150 136 273 24 177 2120 286 260 24 682 603 6 152 227 262 641 595 4
645 2880 144 148 255 26 183 2124 292 259 29 605 581 3 142 221 254 617 571 4
646 2880 150 127 268 18 186 2131 277 255 22 675 617 5 118 240 260 618 584 3
647 2880 158 136 273 27 166 2120 294 264 31 599 563 4 124 257 258 639 581 5
648 2880 158 126 246 20 167 2163 284 265 19 640 573 5 131 240 258 629 574 4
649 2880 157 143 268 26 174 2112 300 272 27 626 562 6 132 259 256 647 561 6
650 2880 161 135 300 22 186 2076 296 266 30 657 564 6 160 251 251 662 571 5
651 2880 142 140 254 17 182 2145 282 252 29 609 597 2 144 221 245 610 531 4
652 2880 152 147 247 16 163 2155 299 274 21 599 537 5 125 219 253 597 535 5
653 2880 160 147 282 17 170 2104 307 273 32 617 559 4 122 240 264 626 578 5
654 2880 163 143 282 22 151 2119 306 272 32 625 567 5 120 224 264 608 562 4
655 2880 164 132 287 13 190 2094 296 268 29 650 590 5 126 259 259 644 610 3
656 2880 159 135 286 21 186 2093 294 268 26 628 568 6 116 260 250 626 578 4
657 2880 155 142 289 17 177 2100 297 267 29 620 558 6 92 270 250 612 588 3
658 2880 156 143 261 19 180 2121 299 275 22 597 585 2 67 279 253 599 587 2
659 2880 159 137 275 18 173 2118 296 272 21 602 544 4 109 257 251 617 569 4
660 2880 152 139 280 24 163 2122 291 266 23 599 541 5 124 222 250 596 548 5
661 2880 155 145 276 25 168 2111 300 267 32 634 585 5 103 242 253 598 574 3
662 2880 168 150 261 21 183 2097 318 285 32 603 567 4 108 244 254 606 570 4
663 2880 150 135 267 18 160 2150 285 250 32 627 567 5 114 240 248 602 566 4
664 2880 160 139 301 20 168 2092 299 271 29 654 570 6 122 242 252 616 568 4
665 2880 161 142 289 21 191 2076 303 272 29 629 581 5 131 257 255 643 607 4
666 2880 160 129 274 21 165 2131 289 269 20 616 544 7 110 234 252 596 560 4
667 2880 151 137 272 13 164 2143 288 254 30 635 611 3 141 238 255 634 598 4
668 2880 164 140 271 20 144 2141 304 265 36 642 558 8 179 234 255 668 584 8
669 2880 155 137 265 19 171 2133 292 254 35 619 561 5 154 233 252 639 569 6
670 2880 154 125 283 19 180 2119 279 251 26 630 556 7 155 251 253 659 587 7
671 2880 141 130 277 23 187 2122 271 240 32 611 563 5 154 241 240 635 567 6
672 2880 155 142 306 17 186 2074 297 255 39 568 544 3 110 244 240 594 558 4
673 2880 141 125 264 18 164 2168 266 239 27 572 548 3 116 218 246 580 556 3
674 2880 147 126 249 11 177 2170 273 240 29 660 624 4 175 227 251 653 629 3
675 2880 136 127 257 21 148 2191 263 242 21 583 547 4 100 220 248 568 556 2
676 2880 141 128 242 17 164 2188 269 237 28 564 540 3 111 201 249 561 549 2
677 2880 144 130 265 20 170 2151 274 241 33 585 573 2 136 207 250 593 569 3
678 2880 145 129 260 22 175 2149 274 246 26 597 550 4 136 238 250 624 562 6
679 2880 151 125 269 16 202 2117 276 252 22 601 551 5 137 247 249 633 559 7
680 2880 152 134 272 8 177 2137 286 245 34 585 547 4 115 243 249 607 557 5
681 2880 152 142 271 16 186 2113 294 252 36 607 547 6 132 228 236 596 560 4
682 2880 144 121 264 15 168 2168 265 235 27 625 589 4 135 248 237 620 596 3
683 2880 149 132 273 17 185 2124 281 242 31 631 607 3 134 243 242 619 595 3
684 2880 153 139 278 14 176 2120 292 264 26 630 606 3 110 285 248 643 631 2
685 2880 167 136 278 19 170 2110 303 276 23 646 622 3 122 259 252 633 597 4
686 2880 165 145 280 22 186 2082 310 279 24 635 587 5 114 255 252 621 597 3
687 2880 164 138 303 22 168 2085 302 274 25 650 602 5 148 256 250 654 606 5
688 2880 157 144 282 18 172 2107 301 261 31 611 599 2 137 259 255 651 603 5
689 2880 159 143 292 14 175 2097 302 260 39 691 617 6 159 241 265 665 617 5
690 2880 167 130 265 18 172 2128 297 275 20 632 608 3 135 280 265 680 622 5
691 2880 157 136 308 16 149 2114 293 262 27 652 602 5 153 258 271 682 614 6
692 2880 158 124 261 18 171 2148 282 260 22 623 587 4 130 255 253 638 614 3
693 2880 160 134 259 25 181 2121 294 273 22 628 604 3 125 265 255 645 633 2
694 2880 148 132 275 12 195 2118 280 258 22 626 590 4 108 258 254 620 608 2
695 2880 156 134 245 14 151 2180 290 267 22 644 606 4 113 248 258 619 607 2
696 2880 163 141 272 14 183 2107 304 276 27 619 607 2 112 251 265 628 616 2
697 2880 162 153 274 20 182 2089 315 289 25 623 611 2 108 265 261 634 622 2
698 2880 151 140 292 24 183 2090 291 258 31 600 564 4 104 252 245 601 565 4
699 2880 162 144 270 16 194 2094 306 284 22 597 573 3 112 263 259 634 598 4
700 2880 163 150 288 23 187 2069 313 283 30 629 593 4 120 263 251 634 610 3
701 2880 162 147 274 22 175 2100 309 277 29 608 584 3 106 247 255 608 584 3
702 2880 156 134 279 33 205 2073 290 268 19 584 572 2 78 254 261 593 581 2
703 2880 148 134 271 27 197 2103 282 259 22 608 594 2 98 271 258 627 613 2
704 2880 155 145 290 27 195 2068 300 275 25 641 597 4 89 275 256 620 606 2
705 2880 159 143 289 16 186 2087 302 269 32 663 625 4 133 239 267 639 627 2
706 2880 153 145 282 15 201 2084 298 254 35 664 628 4 109 264 255 628 628 1
707 2880 155 138 270 22 193 2102 293 273 18 636 624 2 142 267 270 679 653 3
708 2880 152 150 279 13 182 2104 302 264 36 624 610 2 146 235 270 651 613 4
709 2880 156 141 273 17 164 2129 297 268 28 666 604 6 145 234 267 646 596 5
710 2880 162 144 261 15 196 2102 306 279 25 648 622 3 130 239 270 639 625 2
711 2880 158 147 281 18 188 2088 305 274 31 672 620 5 147 255 268 670 630 4
712 2880 160 146 266 31 189 2088 306 270 31 658 608 5 152 243 276 671 621 5
713 2880 160 147 281 20 195 2077 307 272 35 678 604 5 139 254 274 667 607 5
714 2880 156 144 278 14 187 2101 300 265 30 654 616 4 123 254 274 651 613 4
715 2880 163 153 278 29 203 2054 316 285 25 650 612 4 141 266 282 689 637 5
716 2880 165 140 259 29 193 2094 305 282 22 710 646 6 187 257 283 727 657 6
717 2880 161 154 252 24 207 2082 315 280 26 689 627 6 160 237 281 678 628 5
718 2880 183 160 269 22 227 2019 343 314 26 708 648 5 131 267 277 675 649 3
719 2880 171 149 302 23 172 2063 320 280 36 699 635 6 116 286 282 684 658 3
720 2880 182 154 260 21 195 2068 336 305 25 673 635 4 114 285 274 673 647 3
721 2880 175 148 275 21 187 2074 323 290 28 650 624 3 131 283 286 700 662 4
722 2880 176 152 310 27 190 2025 328 292 34 691 627 5 125 293 280 698 646 5
723 2880 185 154 280 12 199 2050 339 304 32 716 652 6 160 295 285 740 664 7
724 2880 188 161 274 18 164 2075 349 313 33 739 675 6 126 320 291 737 685 5
725 2880 174 154 305 27 183 2037 328 298 29 711 671 4 121 326 288 735 695 4
726 2880 175 153 293 16 184 2059 328 292 30 703 665 4 121 298 288 707 669 4
727 2880 189 158 295 26 195 2017 347 301 39 697 661 4 146 273 293 712 662 5
728 2880 168 144 310 22 190 2046 312 280 29 689 639 5 128 305 294 727 689 4
729 2880 179 150 288 19 176 2068 329 293 31 676 638 4 116 293 284 693 643 5
730 2880 181 154 296 14 195 2040 335 300 29 691 651 3 103 288 285 676 650 3
731 2880 186 156 271 23 194 2050 342 305 35 702 678 3 111 269 291 671 645 3
732 2880 178 149 259 23 162 2109 327 290 35 706 694 2 119 309 295 723 697 3
733 2880 188 141 272 24 186 2069 329 299 29 690 664 3 116 297 295 708 682 3
734 2880 195 157 308 22 194 2004 352 312 36 738 712 3 124 311 301 736 710 3
735 2880 185 146 271 11 204 2063 331 307 21 697 659 4 106 324 283 713 675 4
736 2880 173 160 296 19 212 2020 333 295 35 707 681 3 90 327 276 693 667 3
737 2880 180 154 300 21 178 2047 334 292 38 722 684 4 127 307 294 728 690 4
738 2880 188 159 313 16 174 2030 347 308 34 719 681 4 121 312 286 719 681 4
739 2880 186 150 312 20 190 2022 336 309 27 700 674 3 112 301 295 708 682 3
740 2880 176 149 284 24 191 2056 325 293 27 689 663 3 120 298 297 715 689 3
741 2880 190 167 281 24 190 2028 357 310 36 716 667 4 124 307 301 732 686 4
742 2880 188 157 291 14 189 2041 345 305 39 701 655 4 118 312 297 727 681 4
743 2880 191 168 290 19 201 2011 359 323 35 746 686 5 150 313 296 759 713 4
744 2880 180 162 296 15 179 2048 342 302 33 707 641 6 116 347 278 741 681 5
745 2880 194 158 275 22 197 2034 352 314 36 699 659 4 111 334 280 725 669 5
746 2880 187 160 278 18 171 2066 347 310 34 715 638 6 132 308 295 735 691 4
747 2880 189 166 282 27 177 2039 355 315 35 767 666 5 145 331 292 768 680 4
748 2880 180 166 269 29 189 2047 346 314 28 722 672 5 129 316 291 736 680 5
749 2880 193 174 276 18 171 2048 367 320 39 725 695 3 130 317 290 737 695 4
750 2880 196 162 322 21 160 2019 358 310 41 741 687 5 132 320 298 750 708 4
751 2880 194 176 307 16 190 1997 370 320 38 754 664 8 119 322 295 736 694 4
752 2880 195 167 276 23 189 2030 362 327 33 728 674 4 111 311 299 721 691 3
753 2880 190 158 268 30 192 2042 348 326 19 745 683 6 122 321 294 737 699 4
754 2880 192 170 284 21 184 2029 362 324 39 750 726 3 133 303 309 745 707 4
755 2880 192 166 265 18 182 2057 358 322 33 719 669 5 133 286 304 723 673 5
756 2880 195 159 273 22 181 2050 354 322 31 708 684 3 117 315 296 728 690 4
757 2880 195 167 306 26 192 1994 362 320 37 739 697 4 123 318 298 739 721 2
758 2880 191 165 275 20 193 2036 356 314 35 755 701 5 116 323 295 734 710 3
759 2880 190 165 293 12 189 2031 355 313 33 743 679 5 137 331 298 766 742 3
760 2880 186 163 277 17 195 2042 349 318 26 750 726 3 143 326 294 763 739 3
761 2880 187 149 278 18 173 2075 336 309 24 753 731 2 125 327 292 744 710 3
762 2880 185 163 299 18 167 2048 348 318 29 707 689 2 127 318 296 741 719 2
763 2880 191 165 314 18 184 2008 356 325 25 765 707 4 128 320 298 746 712 3
764 2880 189 156 300 22 181 2032 345 317 26 746 686 4 132 328 293 753 719 3
765 2880 185 159 289 24 174 2049 344 303 34 744 720 3 142 309 294 745 733 2
766 2880 176 156 286 26 183 2053 332 288 40 717 693 3 116 325 278 719 719 1
767 2880 174 145 275 19 168 2099 319 294 24 708 696 2 121 308 284 713 713 1
768 2880 189 160 297 23 176 2035 349 313 30 753 695 5 134 320 284 738 726 2
769 2880 191 151 274 20 179 2065 342 322 21 742 692 5 128 325 287 740 714 3
770 2880 174 147 259 17 160 2123 321 294 24 742 692 5 144 311 273 728 690 4
771 2880 182 154 304 20 171 2049 336 303 27 693 693 1 120 308 273 701 701 1
772 2880 174 152 329 26 197 2002 326 289 35 716 668 4 125 309 286 720 682 4
773 2880 186 153 313 23 159 2046 339 304 30 689 645 4 122 312 285 719 693 3
774 2880 195 151 292 24 196 2022 346 324 21 725 701 3 137 300 286 723 699 3
775 2880 181 150 295 24 170 2060 331 293 32 720 708 2 117 325 284 726 714 2
776 2880 188 158 327 25 180 2002 346 314 29 757 693 4 173 314 285 772 696 5
777 2880 176 168 329 23 206 1978 344 307 33 749 725 3 146 326 295 767 743 3
778 2880 186 153 293 18 189 2041 339 305 29 752 717 3 137 322 292 751 727 3
779 2880 193 151 300 15 192 2029 344 310 30 736 682 5 119 313 290 722 710 2
780 2880 194 151 266 15 171 2083 345 315 29 712 678 3 142 311 286 739 727 2
781 2880 176 136 277 20 176 2095 312 288 23 745 721 3 119 323 277 719 707 2
782 2880 186 155 306 12 156 2065 341 311 29 755 689 5 136 346 290 772 746 3
783 2880 185 151 281 21 157 2085 336 308 25 747 650 5 152 336 291 779 688 4
784 2880 180 157 303 16 164 2060 337 308 27 742 686 4 134 312 292 738 682 4
785 2880 183 155 264 24 172 2082 338 310 28 694 638 4 104 302 288 694 650 3
786 2880 166 150 310 26 181 2047 316 287 26 695 669 3 110 303 278 691 665 3
787 2880 170 151 275 19 171 2094 321 289 30 657 609 5 123 255 281 659 623 4
788 2880 180 160 274 18 151 2097 340 310 30 645 633 2 108 267 288 663 651 2
789 2880 174 146 279 20 159 2102 320 287 29 708 670 4 114 277 288 679 667 2
790 2880 180 153 273 14 157 2103 333 305 27 654 618 4 119 255 285 659 635 3
791 2880 169 144 313 19 167 2068 313 281 33 689 665 3 123 269 275 667 643 3
792 2880 179 148 258 19 177 2099 327 292 33 696 670 3 111 289 281 681 651 3
793 2880 174 162 308 21 164 2051 336 301 33 666 640 3 93 306 271 670 652 2
794 2880 180 157 292 16 181 2054 337 306 30 737 711 3 127 324 266 717 691 3
795 2880 164 151 280 26 185 2074 315 280 30 701 649 5 133 315 280 728 661 5
796 2880 173 165 291 22 197 2032 338 285 47 716 650 6 121 290 280 691 661 3
797 2880 168 148 297 25 186 2056 316 281 32 687 669 2 104 290 268 662 644 2
798 2880 165 140 252 23 191 2109 305 283 20 686 657 2 109 282 275 666 648 2
799 2880 164 149 277 16 203 2071 313 284 25 671 642 2 126 301 264 691 650 3
800 2880 174 146 275 21 187 2077 320 283 30 691 626 5 125 307 272 704 663 3
801 2880 168 161 288 17 166 2080 329 295 30 718 642 6 133 291 274 698 660 4
