# data/public-ice/nucleation/Ice_nucleation_trajectory/Nucleation_trajectory-2 nframes 1001 last 1001 stride 1
# frame nop chill_cubic chill_hex chill_interfacial chill_clathrate chill_interclathrate chill_water chill_ice chill_max chill_clus cut_ice cut_max cut_clus seed_ih seed_ic seed_both seed_ice seed_max seed_clus
1 2880 0 2 6 85 463 2324 2 1 2 24 12 2 24 0 0 24 12 2
2 2880 0 1 4 76 459 2340 1 1 1 12 12 1 0 0 0 0 0 0
3 2880 0 2 6 95 450 2327 2 1 2 24 12 2 0 0 0 0 0 0
4 2880 0 3 6 102 461 2308 3 2 2 0 0 0 0 0 0 0 0 0
5 2880 0 3 1 95 484 2297 3 1 3 0 0 0 0 0 0 0 0 0
6 2880 0 3 3 90 492 2292 3 1 3 63 14 5 12 0 0 12 12 1
7 2880 0 1 0 89 465 2325 1 1 1 24 12 2 0 0 0 0 0 0
8 2880 0 0 0 76 489 2315 0 0 0 24 12 2 0 0 0 0 0 0
9 2880 0 0 0 109 512 2259 0 0 0 48 12 4 0 0 0 0 0 0
10 2880 0 0 2 75 476 2327 0 0 0 36 12 3 0 0 0 0 0 0
11 2880 0 1 0 82 512 2285 1 1 1 24 12 2 0 0 0 0 0 0
12 2880 0 1 2 90 525 2262 1 1 1 24 12 2 0 0 0 0 0 0
13 2880 0 1 1 93 527 2258 1 1 1 0 0 0 0 0 0 0 0 0
14 2880 0 1 0 89 513 2277 1 1 1 12 12 1 0 0 0 0 0 0
15 2880 0 1 3 77 456 2343 1 1 1 12 12 1 12 0 0 12 12 1
16 2880 0 1 2 80 455 2342 1 1 1 0 0 0 0 0 0 0 0 0
17 2880 0 1 0 81 478 2320 1 1 1 24 12 2 12 0 0 12 12 1
18 2880 0 2 6 70 511 2291 2 1 2 24 12 2 0 0 0 0 0 0
19 2880 0 2 5 61 459 2353 2 1 2 24 12 2 0 14 0 14 14 1
20 2880 1 2 7 72 414 2384 3 1 3 12 12 1 12 0 0 12 12 1
21 2880 0 1 7 63 403 2406 1 1 1 24 12 2 12 0 0 12 12 1
22 2880 0 0 3 74 442 2361 0 0 0 0 0 0 0 0 0 0 0 0
23 2880 0 1 5 56 432 2386 1 1 1 12 12 1 0 0 0 0 0 0
24 2880 0 1 5 65 389 2420 1 1 1 14 14 1 0 0 0 0 0 0
25 2880 0 1 0 59 382 2438 1 1 1 26 14 2 0 0 0 0 0 0
26 2880 0 2 13 66 407 2392 2 1 2 12 12 1 12 0 0 12 12 1
27 2880 0 3 17 77 432 2351 3 1 3 36 12 3 12 0 0 12 12 1
28 2880 0 1 9 62 396 2412 1 1 1 0 0 0 0 0 0 0 0 0
29 2880 0 3 7 72 391 2407 3 1 3 24 12 2 0 0 0 0 0 0
30 2880 0 6 9 61 371 2433 6 1 6 24 12 2 12 0 0 12 12 1
31 2880 0 2 2 50 404 2422 2 1 2 26 14 2 12 14 0 26 14 2
32 2880 0 6 9 62 410 2393 6 1 6 0 0 0 12 0 0 12 12 1
33 2880 0 4 10 53 401 2412 4 1 4 12 12 1 0 0 0 0 0 0
34 2880 0 4 14 59 373 2430 4 1 4 36 12 3 0 0 0 0 0 0
35 2880 0 7 15 68 370 2420 7 1 7 24 12 2 36 0 0 36 12 3
36 2880 0 4 20 53 387 2416 4 1 4 86 14 7 48 14 0 62 24 4
37 2880 0 3 17 59 403 2398 3 1 3 12 12 1 0 0 0 0 0 0
38 2880 0 3 14 66 407 2390 3 1 3 26 14 2 0 14 0 14 14 1
39 2880 1 2 4 67 427 2379 3 1 3 36 12 3 0 0 0 0 0 0
40 2880 0 5 13 65 462 2335 5 1 5 12 12 1 0 14 0 14 14 1
41 2880 0 2 5 90 387 2396 2 1 2 36 12 3 12 0 0 12 12 1
42 2880 0 3 2 75 464 2336 3 1 3 24 12 2 12 0 0 12 12 1
43 2880 0 0 5 84 480 2311 0 0 0 0 0 0 0 0 0 0 0 0
44 2880 0 2 7 91 532 2248 2 1 2 12 12 1 0 0 0 0 0 0
45 2880 0 1 0 73 481 2325 1 1 1 20 20 1 20 0 0 20 20 1
46 2880 1 3 2 63 483 2328 4 2 3 30 18 2 12 18 0 30 18 2
47 2880 1 5 7 79 412 2376 6 1 6 24 12 2 0 0 0 0 0 0
48 2880 2 2 9 75 396 2396 4 1 4 12 12 1 12 0 0 12 12 1
49 2880 0 4 14 56 403 2403 4 1 4 0 0 0 12 0 0 12 12 1
50 2880 0 6 8 49 411 2406 6 1 6 26 26 1 12 0 0 12 12 1
51 2880 0 3 4 62 437 2374 3 1 3 0 0 0 0 14 0 14 14 1
52 2880 0 3 7 73 448 2349 3 1 3 12 12 1 0 0 0 0 0 0
53 2880 0 2 6 75 450 2347 2 1 2 60 12 5 0 0 0 0 0 0
54 2880 1 2 2 88 390 2397 3 1 3 12 12 1 0 0 0 0 0 0
55 2880 0 0 2 80 503 2295 0 0 0 0 0 0 0 0 0 0 0 0
56 2880 0 0 0 104 513 2263 0 0 0 12 12 1 0 0 0 0 0 0
57 2880 0 0 0 115 542 2223 0 0 0 12 12 1 0 0 0 0 0 0
58 2880 0 1 5 115 531 2228 1 1 1 12 12 1 0 0 0 0 0 0
59 2880 0 1 3 99 529 2248 1 1 1 0 0 0 12 0 0 12 12 1
60 2880 0 0 0 115 527 2238 0 0 0 0 0 0 0 0 0 0 0 0
61 2880 0 1 0 94 460 2325 1 1 1 12 12 1 0 0 0 0 0 0
62 2880 0 0 4 93 446 2337 0 0 0 12 12 1 0 0 0 0 0 0
63 2880 0 1 6 69 470 2334 1 1 1 12 12 1 0 0 0 0 0 0
64 2880 1 2 19 64 424 2370 3 1 3 12 12 1 0 0 0 0 0 0
65 2880 0 5 22 86 407 2360 5 1 5 74 18 5 0 14 0 14 14 1
66 2880 3 5 16 84 403 2369 8 1 8 14 14 1 0 0 0 0 0 0
67 2880 1 3 13 74 443 2346 4 1 4 84 18 6 12 36 0 48 22 3
68 2880 0 7 23 72 426 2352 7 1 7 24 12 2 12 0 0 12 12 1
69 2880 2 1 22 74 456 2325 3 1 3 45 21 3 24 0 0 24 12 2
70 2880 0 5 18 62 423 2372 5 1 5 26 14 2 0 0 0 0 0 0
71 2880 1 2 8 93 436 2340 3 1 3 36 12 3 21 0 0 21 21 1
72 2880 0 3 10 111 433 2323 3 1 3 12 12 1 0 0 0 0 0 0
73 2880 0 2 4 98 444 2332 2 1 2 0 0 0 0 0 0 0 0 0
74 2880 0 1 1 116 543 2219 1 1 1 12 12 1 0 0 0 0 0 0
75 2880 0 0 2 91 552 2235 0 0 0 0 0 0 0 0 0 0 0 0
76 2880 0 2 0 108 557 2213 2 1 2 36 24 2 0 0 0 0 0 0
77 2880 0 1 0 104 578 2197 1 1 1 24 12 2 0 0 0 0 0 0
78 2880 0 0 0 106 566 2208 0 0 0 24 12 2 12 0 0 12 12 1
79 2880 0 0 0 104 535 2241 0 0 0 12 12 1 0 0 0 0 0 0
80 2880 0 0 2 89 519 2270 0 0 0 0 0 0 12 0 0 12 12 1
81 2880 0 0 0 92 444 2344 0 0 0 12 12 1 0 0 0 0 0 0
82 2880 0 1 1 81 443 2354 1 1 1 0 0 0 0 0 0 0 0 0
83 2880 0 1 3 96 473 2307 1 1 1 0 0 0 0 0 0 0 0 0
84 2880 0 0 2 113 479 2286 0 0 0 12 12 1 0 0 0 0 0 0
85 2880 0 1 1 100 565 2213 1 1 1 0 0 0 0 0 0 0 0 0
86 2880 0 0 0 101 529 2250 0 0 0 36 12 3 0 0 0 0 0 0
87 2880 0 3 0 98 554 2225 3 1 3 0 0 0 0 0 0 0 0 0
88 2880 0 1 0 118 555 2206 1 1 1 0 0 0 0 0 0 0 0 0
89 2880 0 2 4 113 596 2165 2 1 2 24 12 2 0 0 0 0 0 0
90 2880 0 0 5 88 475 2312 0 0 0 36 12 3 12 0 0 12 12 1
91 2880 1 1 2 83 491 2302 2 1 2 0 0 0 12 0 0 12 12 1
92 2880 0 2 3 93 476 2306 2 1 2 12 12 1 0 0 0 0 0 0
93 2880 0 4 9 87 419 2361 4 1 4 12 12 1 12 0 0 12 12 1
94 2880 1 2 11 62 413 2391 3 1 3 0 0 0 12 0 0 12 12 1
95 2880 0 4 10 63 373 2430 4 1 4 14 14 1 0 0 0 0 0 0
96 2880 0 2 8 70 400 2400 2 1 2 12 12 1 0 0 0 0 0 0
97 2880 0 2 15 62 375 2426 2 1 2 40 14 3 0 0 0 0 0 0
98 2880 1 6 15 66 378 2414 7 3 5 12 12 1 0 0 0 0 0 0
99 2880 1 9 23 53 330 2464 10 1 10 25 13 2 12 0 0 12 12 1
100 2880 1 6 18 62 353 2440 7 1 7 24 12 2 24 0 0 24 24 1
101 2880 0 9 19 60 364 2428 9 1 9 36 12 3 24 0 0 24 12 2
102 2880 1 2 20 60 394 2403 3 1 3 48 24 3 24 0 0 24 24 1
103 2880 2 11 26 58 334 2449 13 2 11 86 14 7 24 0 0 24 12 2
104 2880 0 13 38 40 306 2483 13 1 13 56 20 4 12 14 0 26 14 2
105 2880 1 6 18 36 304 2515 7 1 7 12 12 1 0 0 0 0 0 0
106 2880 1 4 21 50 342 2462 5 1 5 48 12 4 24 0 0 24 12 2
107 2880 0 6 22 40 332 2480 6 1 6 36 12 3 0 0 0 0 0 0
108 2880 3 9 46 42 332 2448 12 1 12 36 12 3 12 14 0 26 14 2
109 2880 2 10 37 40 296 2495 12 1 12 40 14 3 0 0 0 0 0 0
110 2880 0 4 21 49 297 2509 4 1 4 76 26 5 36 14 0 50 14 4
111 2880 3 14 58 45 301 2459 17 2 15 108 24 7 36 32 0 68 18 5
112 2880 0 13 42 51 326 2448 13 1 13 71 23 5 12 0 0 12 12 1
113 2880 0 12 47 60 350 2411 12 2 11 36 12 3 36 0 0 36 12 3
114 2880 1 12 40 40 312 2475 13 1 13 60 24 4 48 0 0 48 12 4
115 2880 3 13 37 37 364 2426 16 2 14 36 12 3 0 0 0 0 0 0
116 2880 0 8 23 53 339 2457 8 2 7 36 12 3 12 0 0 12 12 1
117 2880 1 4 21 59 330 2465 5 1 5 12 12 1 12 0 0 12 12 1
118 2880 0 6 34 59 397 2384 6 1 6 50 36 2 22 0 0 22 22 1
119 2880 1 1 16 84 428 2350 2 1 2 36 12 3 0 0 0 0 0 0
120 2880 1 3 12 73 405 2386 4 1 4 74 14 6 12 14 0 26 14 2
121 2880 1 3 18 85 429 2344 4 1 4 24 12 2 12 0 0 12 12 1
122 2880 0 5 9 70 433 2363 5 1 5 48 12 4 24 0 0 24 12 2
123 2880 0 0 2 90 479 2309 0 0 0 13 13 1 0 0 0 0 0 0
124 2880 0 1 6 95 556 2222 1 1 1 12 12 1 0 0 0 0 0 0
125 2880 0 0 4 92 501 2283 0 0 0 36 12 3 0 0 0 0 0 0
126 2880 0 2 2 80 507 2289 2 1 2 12 12 1 12 0 0 12 12 1
127 2880 1 0 2 92 493 2292 1 1 1 0 0 0 0 0 0 0 0 0
128 2880 0 2 3 96 532 2247 2 1 2 12 12 1 0 0 0 0 0 0
129 2880 0 1 0 74 454 2351 1 1 1 24 24 1 12 0 0 12 12 1
130 2880 0 2 0 111 543 2224 2 1 2 12 12 1 0 0 0 0 0 0
131 2880 0 0 1 128 551 2200 0 0 0 24 12 2 0 0 0 0 0 0
132 2880 0 0 3 144 591 2142 0 0 0 0 0 0 0 0 0 0 0 0
133 2880 0 1 2 112 541 2224 1 1 1 24 12 2 12 0 0 12 12 1
134 2880 0 2 4 109 496 2269 2 1 2 0 0 0 0 0 0 0 0 0
135 2880 0 3 0 90 499 2288 3 1 3 22 22 1 0 0 0 0 0 0
136 2880 0 1 0 94 494 2291 1 1 1 0 0 0 0 0 0 0 0 0
137 2880 0 0 2 66 423 2389 0 0 0 12 12 1 0 14 0 14 14 1
138 2880 0 0 5 67 436 2372 0 0 0 0 0 0 12 0 0 12 12 1
139 2880 0 4 6 69 436 2365 4 1 4 24 12 2 24 0 0 24 12 2
140 2880 0 4 8 72 425 2371 4 2 3 48 12 4 0 0 0 0 0 0
141 2880 0 2 3 55 398 2422 2 1 2 24 12 2 0 0 0 0 0 0
142 2880 0 5 8 62 414 2391 5 1 5 12 12 1 12 0 0 12 12 1
143 2880 0 3 3 68 377 2429 3 1 3 36 12 3 12 0 0 12 12 1
144 2880 0 4 18 48 389 2421 4 1 4 24 12 2 12 0 0 12 12 1
145 2880 0 8 21 53 372 2426 8 1 8 12 12 1 0 0 0 0 0 0
146 2880 0 6 29 37 343 2465 6 1 6 12 12 1 12 0 0 12 12 1
147 2880 1 6 21 46 326 2480 7 2 6 12 12 1 12 0 0 12 12 1
148 2880 1 4 25 44 316 2490 5 1 5 36 12 3 36 0 0 36 12 3
149 2880 3 4 35 50 315 2473 7 1 7 86 14 7 36 14 0 50 14 4
150 2880 0 5 17 48 321 2489 5 1 5 38 14 3 46 14 0 60 34 3
151 2880 1 6 23 50 383 2417 7 1 7 36 24 2 36 0 0 36 24 2
152 2880 0 7 22 50 350 2451 7 1 7 36 12 3 24 0 0 24 12 2
153 2880 0 6 16 50 340 2468 6 1 6 36 12 3 24 0 0 24 12 2
154 2880 0 3 23 64 342 2448 3 1 3 24 12 2 24 0 0 24 12 2
155 2880 1 6 17 53 378 2425 7 1 7 24 12 2 12 0 0 12 12 1
156 2880 0 7 30 54 385 2404 7 1 7 24 12 2 0 0 0 0 0 0
157 2880 0 4 14 63 409 2390 4 1 4 48 12 4 12 0 0 12 12 1
158 2880 0 7 15 63 407 2388 7 1 7 60 12 5 0 0 0 0 0 0
159 2880 0 1 16 42 380 2441 1 1 1 24 12 2 12 0 0 12 12 1
160 2880 0 4 17 64 378 2417 4 1 4 36 12 3 0 0 0 0 0 0
161 2880 0 3 6 66 456 2349 3 1 3 36 12 3 0 0 0 0 0 0
162 2880 0 1 11 78 386 2404 1 1 1 48 12 4 24 0 0 24 12 2
163 2880 0 2 3 74 497 2304 2 1 2 12 12 1 0 0 0 0 0 0
164 2880 0 0 2 100 489 2289 0 0 0 24 12 2 0 0 0 0 0 0
165 2880 0 1 2 80 506 2291 1 1 1 24 12 2 0 0 0 0 0 0
166 2880 0 3 1 94 482 2300 3 1 3 25 13 2 0 0 0 0 0 0
167 2880 0 0 0 95 547 2238 0 0 0 0 0 0 0 0 0 0 0 0
168 2880 0 1 1 114 540 2224 1 1 1 38 14 3 12 0 0 12 12 1
169 2880 0 1 1 91 512 2275 1 1 1 36 12 3 0 0 0 0 0 0
170 2880 0 3 3 106 547 2221 3 1 3 12 12 1 0 0 0 0 0 0
171 2880 0 0 2 114 502 2262 0 0 0 0 0 0 0 0 0 0 0 0
172 2880 0 1 3 102 550 2224 1 1 1 12 12 1 0 0 0 0 0 0
173 2880 0 0 7 116 502 2255 0 0 0 0 0 0 0 0 0 0 0 0
174 2880 0 1 0 94 482 2303 1 1 1 0 0 0 0 0 0 0 0 0
175 2880 0 1 4 65 476 2334 1 1 1 0 0 0 0 0 0 0 0 0
176 2880 0 3 3 84 462 2328 3 1 3 36 12 3 12 0 0 12 12 1
177 2880 0 2 3 71 510 2294 2 1 2 24 12 2 0 0 0 0 0 0
178 2880 0 0 2 84 486 2308 0 0 0 38 13 3 12 0 0 12 12 1
179 2880 0 0 0 103 457 2320 0 0 0 0 0 0 0 0 0 0 0 0
180 2880 0 1 5 80 481 2313 1 1 1 36 12 3 0 0 0 0 0 0
181 2880 0 1 7 85 492 2295 1 1 1 26 26 1 23 0 0 23 23 1
182 2880 0 1 4 89 464 2322 1 1 1 24 12 2 12 0 0 12 12 1
183 2880 0 3 7 83 465 2322 3 1 3 0 0 0 0 0 0 0 0 0
184 2880 0 3 3 66 457 2351 3 1 3 0 0 0 12 0 0 12 12 1
185 2880 0 5 10 91 391 2383 5 1 5 24 24 1 36 0 0 36 36 1
186 2880 1 7 5 70 397 2400 8 2 7 24 12 2 12 0 0 12 12 1
187 2880 1 1 3 86 458 2331 2 1 2 60 12 5 0 0 0 0 0 0
188 2880 0 4 8 65 446 2357 4 1 4 24 12 2 0 0 0 0 0 0
189 2880 0 3 7 76 440 2354 3 1 3 48 12 4 0 0 0 0 0 0
190 2880 0 1 2 98 479 2300 1 1 1 0 0 0 0 0 0 0 0 0
191 2880 0 0 5 106 435 2334 0 0 0 24 12 2 12 0 0 12 12 1
192 2880 0 0 0 89 504 2287 0 0 0 0 0 0 12 0 0 12 12 1
193 2880 0 3 1 119 513 2244 3 1 3 23 23 1 0 0 0 0 0 0
194 2880 0 2 3 138 501 2236 2 1 2 0 0 0 0 0 0 0 0 0
195 2880 0 0 0 89 451 2340 0 0 0 12 12 1 0 0 0 0 0 0
196 2880 0 1 1 94 513 2271 1 1 1 0 0 0 0 0 0 0 0 0
197 2880 0 4 3 108 510 2255 4 1 4 12 12 1 0 0 0 0 0 0
198 2880 0 0 4 95 526 2255 0 0 0 12 12 1 0 0 0 0 0 0
199 2880 0 0 2 117 535 2226 0 0 0 24 12 2 0 0 0 0 0 0
200 2880 0 1 0 114 552 2213 1 1 1 0 0 0 0 0 0 0 0 0
201 2880 0 0 2 144 595 2139 0 0 0 35 13 3 0 0 0 0 0 0
202 2880 0 0 2 114 514 2250 0 0 0 0 0 0 0 0 0 0 0 0
203 2880 0 0 3 97 448 2332 0 0 0 0 0 0 0 0 0 0 0 0
204 2880 0 2 1 97 442 2338 2 1 2 12 12 1 12 0 0 12 12 1
205 2880 0 0 4 100 512 2264 0 0 0 12 12 1 0 0 0 0 0 0
206 2880 0 5 12 63 405 2395 5 1 5 32 20 2 12 0 0 12 12 1
207 2880 0 2 10 106 431 2331 2 1 2 38 14 3 0 0 0 0 0 0
208 2880 0 3 9 89 469 2310 3 1 3 37 13 3 0 0 0 0 0 0
209 2880 0 4 18 56 405 2397 4 1 4 38 14 3 0 0 0 0 0 0
210 2880 1 3 26 83 412 2355 4 1 4 86 14 7 24 0 0 24 12 2
211 2880 1 13 49 78 343 2396 14 2 13 90 14 7 24 46 0 70 32 4
212 2880 3 8 37 58 354 2420 11 2 10 52 26 3 12 14 0 26 14 2
213 2880 2 9 42 47 365 2415 11 2 9 52 14 4 12 32 0 44 18 3
214 2880 3 15 51 58 360 2393 18 5 14 102 38 6 24 94 0 118 38 7
215 2880 3 10 34 70 356 2407 13 2 12 62 14 5 24 14 0 38 14 3
216 2880 3 19 98 51 328 2381 22 2 20 82 20 6 48 30 0 78 30 4
217 2880 5 29 100 55 303 2388 34 4 25 96 26 5 60 56 0 116 26 7
218 2880 12 28 125 38 334 2343 40 3 33 112 42 6 44 91 4 139 41 6
219 2880 5 22 88 51 297 2417 27 5 22 193 49 7 25 111 11 147 61 4
220 2880 15 33 125 44 289 2374 48 12 26 211 110 7 20 116 22 158 114 3
221 2880 14 25 124 25 285 2407 39 3 25 184 150 3 42 92 28 162 162 1
222 2880 14 30 131 28 282 2395 44 6 28 168 95 5 62 118 26 206 101 5
223 2880 12 22 120 31 240 2455 34 3 27 188 51 6 72 100 30 202 123 4
224 2880 9 23 106 34 271 2437 32 7 21 174 89 6 96 88 20 204 119 5
225 2880 11 19 109 37 288 2416 30 4 18 186 68 5 40 109 6 155 68 5
226 2880 13 27 115 44 307 2374 40 6 27 158 68 5 53 87 7 147 81 4
227 2880 16 21 133 39 275 2396 37 7 20 233 80 7 59 113 19 191 76 5
228 2880 12 19 119 48 318 2364 31 4 21 207 70 7 71 136 9 216 70 7
229 2880 12 25 120 36 314 2373 37 3 31 219 85 8 94 118 6 218 66 9
230 2880 13 24 117 38 280 2408 37 5 23 200 50 8 82 102 6 190 54 9
231 2880 13 23 123 35 304 2382 36 5 28 188 54 9 76 102 6 184 54 9
232 2880 11 22 116 32 256 2443 33 3 27 200 38 10 18 136 6 160 44 6
233 2880 8 22 138 26 272 2414 30 3 23 248 69 8 36 156 0 192 49 8
234 2880 9 27 138 39 255 2412 36 3 31 181 38 8 46 135 0 181 38 8
235 2880 6 32 117 31 276 2418 38 8 30 187 36 8 52 136 0 188 36 8
236 2880 6 26 135 41 261 2411 32 4 27 181 36 8 24 165 0 189 39 8
237 2880 6 24 115 34 274 2427 30 3 26 198 40 10 60 118 0 178 40 9
238 2880 6 23 99 30 261 2461 29 2 26 152 32 9 78 92 6 176 28 11
239 2880 8 20 109 33 254 2456 28 4 25 146 18 11 69 76 0 145 26 9
240 2880 4 18 84 34 253 2487 22 2 20 172 28 10 60 118 0 178 52 9
241 2880 5 20 111 29 230 2485 25 2 23 120 26 6 58 102 0 160 28 7
242 2880 4 18 107 30 241 2480 22 3 19 141 33 8 46 73 0 119 45 5
243 2880 4 23 115 24 243 2471 27 2 26 122 22 8 58 86 0 144 34 8
244 2880 2 15 137 25 213 2488 17 1 17 186 54 10 102 82 2 186 54 9
245 2880 7 28 124 33 234 2454 35 3 28 126 44 6 90 84 2 176 54 9
246 2880 6 15 106 32 251 2470 21 4 16 136 28 8 58 96 2 156 42 7
247 2880 10 32 125 28 208 2477 42 6 35 164 30 10 58 119 2 179 57 8
248 2880 7 20 128 34 235 2456 27 2 24 167 35 9 73 111 7 191 35 10
249 2880 9 25 141 23 282 2400 34 3 30 149 31 8 73 103 7 183 54 8
250 2880 8 24 128 18 233 2469 32 3 29 206 39 11 61 111 7 179 39 9
251 2880 4 20 150 25 232 2449 24 2 22 171 39 9 49 115 7 171 39 8
252 2880 12 19 131 28 252 2438 31 3 26 193 39 11 49 107 7 163 39 8
253 2880 9 34 125 25 225 2462 43 3 34 159 39 7 49 122 7 178 41 8
254 2880 8 28 133 28 194 2489 36 4 30 159 39 7 49 111 7 167 39 8
255 2880 8 28 134 25 227 2458 36 3 29 197 62 9 71 109 9 189 42 8
256 2880 11 32 132 24 227 2454 43 4 31 181 70 7 47 124 9 180 84 5
257 2880 8 28 161 36 189 2458 36 5 28 229 78 10 61 114 7 182 78 6
258 2880 4 35 149 33 213 2446 39 2 34 203 70 8 65 109 13 187 78 6
259 2880 13 36 184 26 210 2411 49 4 38 204 75 9 61 110 7 178 85 6
260 2880 12 37 174 20 217 2420 49 4 39 171 36 8 57 97 9 163 39 7
261 2880 14 32 181 22 214 2417 46 5 33 159 39 8 47 97 9 153 39 7
262 2880 9 32 150 18 216 2455 41 3 33 174 39 9 59 97 9 165 39 8
263 2880 9 36 171 27 238 2399 45 5 32 170 35 8 73 103 3 179 36 7
264 2880 10 35 195 23 214 2403 45 3 35 221 39 10 77 117 15 209 39 10
265 2880 9 31 215 25 223 2377 40 6 33 233 39 12 77 121 15 213 39 10
266 2880 14 43 185 19 199 2420 57 6 37 209 39 10 77 121 15 213 39 10
267 2880 10 45 194 26 213 2392 55 5 41 221 39 11 77 117 15 209 39 10
268 2880 7 43 202 27 200 2401 50 4 40 221 39 11 65 117 15 197 39 9
269 2880 16 41 178 26 220 2399 57 6 40 249 39 12 77 135 15 227 39 11
270 2880 15 35 163 33 214 2420 50 4 40 187 39 9 67 119 13 199 48 9
271 2880 10 33 173 22 224 2418 43 5 33 228 47 10 87 115 13 215 48 9
272 2880 17 36 172 28 211 2416 53 4 41 211 39 10 79 119 13 211 48 9
273 2880 11 25 159 29 250 2406 36 3 25 173 38 8 81 77 7 165 39 6
274 2880 7 27 146 34 250 2416 34 3 28 252 66 9 75 134 1 210 66 8
275 2880 14 58 177 26 240 2365 72 12 45 209 71 9 88 127 12 227 77 7
276 2880 11 39 178 26 219 2407 50 5 33 216 37 8 81 138 13 232 70 6
277 2880 12 30 167 25 230 2416 42 7 27 200 52 7 88 126 6 220 52 8
278 2880 14 46 200 31 212 2377 60 8 38 289 63 11 89 144 25 258 94 8
279 2880 12 34 179 24 215 2416 46 3 39 201 53 7 62 125 18 205 53 7
280 2880 15 37 206 16 204 2402 52 8 35 242 60 11 112 159 16 287 60 11
281 2880 16 37 194 15 227 2391 53 11 29 187 41 9 84 108 10 202 48 7
282 2880 15 40 210 19 204 2392 55 5 39 207 61 8 64 126 12 202 40 9
283 2880 17 48 232 14 202 2367 65 5 48 216 36 10 70 146 6 222 60 8
284 2880 24 40 261 17 173 2365 64 11 42 261 121 8 85 157 9 251 111 7
285 2880 18 47 236 14 182 2383 65 4 47 234 46 9 70 146 6 222 40 10
286 2880 13 29 201 25 193 2419 42 4 33 216 48 9 85 123 15 223 40 9
287 2880 9 34 184 25 204 2424 43 3 34 269 46 10 85 137 15 237 46 9
288 2880 11 37 166 33 223 2410 48 6 35 186 60 7 94 106 0 200 60 7
289 2880 17 35 193 31 227 2377 52 4 45 230 66 8 128 78 6 212 66 5
290 2880 10 47 182 28 204 2409 57 5 45 281 86 9 116 93 9 218 63 7
291 2880 11 29 185 19 183 2453 40 7 25 241 51 10 147 64 2 213 61 8
292 2880 13 42 206 19 174 2426 55 6 43 225 64 9 131 76 2 209 88 6
293 2880 13 51 205 17 191 2403 64 7 39 181 52 8 117 56 0 173 56 6
294 2880 14 45 203 21 195 2402 59 4 45 181 51 9 139 62 0 201 51 10
295 2880 10 40 194 16 200 2420 50 3 41 202 48 9 137 54 6 197 51 7
296 2880 10 40 177 26 184 2443 50 4 37 236 51 11 151 76 6 233 52 9
297 2880 14 36 184 16 198 2432 50 4 38 191 62 7 136 59 19 214 57 7
298 2880 7 39 139 29 264 2402 46 4 34 189 57 9 97 97 13 207 65 6
299 2880 11 31 153 22 221 2442 42 5 33 203 55 7 131 33 3 167 60 5
300 2880 6 33 129 39 252 2421 39 3 33 164 48 7 88 35 13 136 56 4
301 2880 10 17 107 46 286 2414 27 5 19 114 38 7 55 59 13 127 63 6
302 2880 3 13 89 48 285 2442 16 5 11 106 20 8 18 22 6 46 20 3
303 2880 2 9 65 39 339 2426 11 2 10 99 38 4 16 28 8 52 40 2
304 2880 3 11 64 68 356 2378 14 2 13 134 30 7 46 64 2 112 44 5
305 2880 5 13 59 58 363 2382 18 2 16 50 14 4 12 32 0 44 18 3
306 2880 0 6 26 61 373 2414 6 2 4 36 12 3 48 0 0 48 12 4
307 2880 3 12 48 56 368 2393 15 2 14 110 22 8 36 22 0 58 22 4
308 2880 3 1 15 60 402 2399 4 1 4 36 12 3 12 0 0 12 12 1
309 2880 0 7 18 79 407 2369 7 1 7 36 12 3 12 0 0 12 12 1
310 2880 0 3 16 82 433 2346 3 1 3 57 12 5 12 0 0 12 12 1
311 2880 0 1 10 77 415 2377 1 1 1 24 12 2 12 0 0 12 12 1
312 2880 0 3 8 69 413 2387 3 1 3 80 20 6 12 14 0 26 14 2
313 2880 0 2 2 69 440 2367 2 1 2 36 12 3 12 0 0 12 12 1
314 2880 0 4 9 89 400 2378 4 1 4 24 12 2 0 0 0 0 0 0
315 2880 1 1 3 67 480 2328 2 1 2 12 12 1 0 0 0 0 0 0
316 2880 0 2 9 89 455 2325 2 1 2 33 12 3 12 0 0 12 12 1
317 2880 0 1 6 75 432 2366 1 1 1 48 24 3 0 0 0 0 0 0
318 2880 0 1 10 83 484 2302 1 1 1 24 12 2 0 0 0 0 0 0
319 2880 0 1 2 78 465 2334 1 1 1 24 12 2 0 0 0 0 0 0
320 2880 0 4 6 87 522 2261 4 1 4 0 0 0 0 0 0 0 0 0
321 2880 0 0 0 128 562 2190 0 0 0 12 12 1 0 0 0 0 0 0
322 2880 0 0 0 106 622 2152 0 0 0 0 0 0 12 0 0 12 12 1
323 2880 0 1 1 119 589 2170 1 1 1 12 12 1 0 0 0 0 0 0
324 2880 0 1 0 116 557 2206 1 1 1 0 0 0 0 0 0 0 0 0
325 2880 0 0 2 105 494 2279 0 0 0 0 0 0 0 0 0 0 0 0
326 2880 0 2 5 83 408 2382 2 1 2 0 0 0 0 0 0 0 0 0
327 2880 0 4 8 86 454 2328 4 1 4 0 0 0 0 0 0 0 0 0
328 2880 0 0 4 89 467 2320 0 0 0 24 12 2 0 0 0 0 0 0
329 2880 1 3 16 76 425 2359 4 1 4 36 22 2 12 0 0 12 12 1
330 2880 2 5 31 79 411 2352 7 2 5 72 30 4 16 42 8 66 28 3
331 2880 3 3 33 82 413 2346 6 2 5 72 26 4 0 44 0 44 22 2
332 2880 2 5 32 70 411 2360 7 2 6 50 26 3 12 41 0 53 41 2
333 2880 1 5 16 85 425 2348 6 1 6 26 14 2 12 0 0 12 12 1
334 2880 4 11 39 57 379 2390 15 2 14 118 22 8 12 48 0 60 26 3
335 2880 0 11 31 67 348 2423 11 2 10 70 24 4 24 18 0 42 18 3
336 2880 0 9 50 59 347 2415 9 2 8 103 28 6 0 78 0 78 42 3
337 2880 8 14 64 66 359 2369 22 6 16 108 35 5 24 76 0 100 62 3
338 2880 3 17 76 52 356 2376 20 3 16 136 46 5 48 95 12 155 81 4
339 2880 5 14 64 61 332 2404 19 4 12 105 47 5 24 72 0 96 40 4
340 2880 5 18 62 73 351 2371 23 3 20 98 22 6 52 8 6 66 22 4
341 2880 8 13 70 70 343 2376 21 6 13 167 59 9 86 85 14 185 101 5
342 2880 5 11 50 69 429 2316 16 2 15 54 18 4 24 18 0 42 18 3
343 2880 6 16 69 60 369 2360 22 9 11 90 52 3 42 34 10 86 56 3
344 2880 3 16 52 74 434 2301 19 4 13 147 95 5 74 59 17 150 124 3
345 2880 5 9 52 62 388 2364 14 3 10 121 52 5 32 24 14 70 58 2
346 2880 11 18 59 77 383 2332 29 17 13 118 94 3 45 40 31 116 92 3
347 2880 19 20 77 54 409 2301 39 28 10 121 109 2 42 54 34 130 118 2
348 2880 27 21 89 58 379 2306 48 31 15 250 152 6 86 92 59 237 159 4
349 2880 21 31 74 67 356 2331 52 32 16 157 157 1 49 81 41 171 171 1
350 2880 9 12 61 83 384 2331 21 7 11 101 101 1 10 65 34 109 109 1
351 2880 28 22 73 60 316 2381 50 30 16 186 150 4 16 86 46 148 136 2
352 2880 12 17 59 79 408 2305 29 22 8 163 101 6 25 59 19 103 103 1
353 2880 35 29 84 68 386 2278 64 46 18 228 178 5 39 125 43 207 183 3
354 2880 41 34 115 60 399 2231 75 58 16 234 192 4 38 161 54 253 211 4
355 2880 45 35 119 67 333 2281 80 59 16 236 188 5 21 160 49 230 218 2
356 2880 51 30 137 50 324 2288 81 55 22 243 225 2 22 182 52 256 238 2
357 2880 57 33 126 42 269 2353 90 72 15 353 270 6 62 190 68 320 271 4
358 2880 50 47 176 48 305 2254 97 69 24 279 255 3 41 174 61 276 256 2
359 2880 69 40 118 56 303 2294 109 97 10 293 261 3 35 185 77 297 277 2
360 2880 51 33 127 68 376 2225 84 70 14 287 255 2 69 171 85 325 293 2
361 2880 60 43 132 46 363 2236 103 87 15 299 287 2 25 177 97 299 299 1
362 2880 67 40 102 71 350 2250 107 98 10 291 255 4 24 152 106 282 282 1
363 2880 68 51 127 71 431 2132 119 107 12 353 317 4 53 171 105 329 317 2
364 2880 94 62 143 68 319 2194 156 131 21 402 366 4 34 235 122 391 391 1
365 2880 103 63 155 50 346 2163 166 146 19 392 380 2 59 239 125 423 411 2
366 2880 114 73 172 52 337 2132 187 167 18 438 400 4 60 258 125 443 443 1
367 2880 115 68 205 57 326 2109 183 158 21 460 426 3 35 299 113 447 425 2
368 2880 114 61 172 61 322 2150 175 154 16 516 492 3 67 328 111 506 506 1
369 2880 122 65 188 60 317 2128 187 170 16 476 448 3 27 354 111 492 492 1
370 2880 127 75 204 68 349 2057 202 168 27 590 528 5 77 346 121 544 526 2
371 2880 138 72 192 69 370 2039 210 182 17 532 520 2 40 379 146 565 565 1
372 2880 161 76 216 53 311 2063 237 216 15 569 557 2 57 401 143 601 601 1
373 2880 199 97 225 79 322 1958 296 283 13 650 632 2 53 460 199 712 698 2
374 2880 224 85 244 61 291 1975 309 283 23 726 714 2 74 504 182 760 760 1
375 2880 262 118 312 46 258 1884 380 352 27 857 857 1 77 623 225 925 925 1
376 2880 346 151 311 44 258 1770 497 470 25 1015 1015 1 89 652 305 1046 1046 1
377 2880 354 157 333 46 264 1726 511 481 27 1031 1031 1 79 721 317 1117 1117 1
378 2880 342 133 307 68 287 1743 475 448 21 1012 1012 1 81 667 305 1053 1053 1
379 2880 427 187 312 55 279 1620 614 594 12 1162 1144 2 62 770 364 1196 1196 1
380 2880 434 188 307 57 265 1629 622 602 17 1162 1148 2 45 747 397 1189 1189 1
381 2880 455 193 315 52 265 1600 648 626 16 1162 1162 1 62 777 377 1216 1204 2
382 2880 422 187 328 58 276 1609 609 583 19 1154 1154 1 58 724 380 1162 1162 1
383 2880 411 182 317 65 287 1618 593 574 18 1145 1145 1 32 733 372 1137 1137 1
384 2880 447 195 308 44 246 1640 642 615 17 1143 1143 1 59 692 395 1146 1146 1
385 2880 421 181 293 32 225 1728 602 594 6 1119 1107 2 55 709 360 1124 1106 2
386 2880 438 192 313 23 215 1699 630 606 19 1155 1129 3 87 702 381 1170 1144 3
387 2880 435 202 290 17 205 1731 637 611 25 1096 1084 2 67 669 373 1109 1109 1
388 2880 444 196 312 32 196 1700 640 627 12 1123 1087 4 121 679 377 1177 1141 3
389 2880 456 209 284 21 167 1743 665 650 12 1153 1129 3 74 679 380 1133 1121 2
390 2880 458 204 315 21 199 1683 662 641 20 1130 1130 1 90 660 405 1155 1155 1
391 2880 462 220 317 24 197 1660 682 650 25 1169 1157 2 96 653 415 1164 1164 1
392 2880 492 215 290 28 187 1668 707 690 18 1198 1186 2 90 647 428 1165 1165 1
393 2880 491 214 322 31 169 1653 705 686 19 1190 1154 4 150 657 422 1229 1181 4
394 2880 494 206 330 17 156 1677 700 679 20 1249 1237 2 165 679 429 1273 1249 2
395 2880 490 216 334 27 176 1637 706 678 20 1228 1216 2 129 686 426 1241 1229 2
396 2880 497 213 366 17 161 1626 710 669 25 1279 1279 1 103 744 448 1295 1295 1
397 2880 475 213 365 18 158 1651 688 655 28 1281 1281 1 115 726 436 1277 1277 1
398 2880 513 213 361 19 121 1653 726 701 19 1252 1240 2 136 713 421 1270 1246 3
399 2880 498 213 356 19 152 1642 711 687 23 1246 1246 1 127 711 418 1256 1244 2
400 2880 498 223 345 24 139 1651 721 696 23 1299 1276 2 150 702 433 1285 1273 2
401 2880 526 227 345 25 146 1611 753 733 18 1263 1227 4 121 715 421 1257 1245 2
402 2880 496 228 341 20 148 1647 724 690 28 1271 1235 4 122 709 422 1253 1253 1
403 2880 510 230 347 17 154 1622 740 706 31 1242 1230 2 135 711 427 1273 1249 3
404 2880 515 235 358 23 146 1603 750 717 25 1267 1231 4 110 707 428 1245 1245 1
405 2880 518 235 367 16 134 1610 753 719 33 1278 1233 4 122 703 428 1253 1241 2
406 2880 532 236 326 11 147 1628 768 737 19 1240 1240 1 134 706 437 1277 1265 2
407 2880 479 213 379 13 169 1627 692 655 28 1277 1253 3 135 709 429 1273 1261 2
408 2880 485 196 345 18 180 1656 681 650 20 1225 1225 1 130 704 430 1264 1252 2
409 2880 473 208 347 17 177 1658 681 644 27 1245 1245 1 138 714 422 1274 1274 1
410 2880 440 192 367 20 155 1706 632 595 27 1169 1169 1 102 684 415 1201 1201 1
411 2880 484 205 343 13 149 1686 689 664 25 1161 1149 2 126 668 399 1193 1193 1
412 2880 461 197 346 19 153 1704 658 624 30 1175 1175 1 125 681 396 1202 1202 1
413 2880 432 190 365 23 144 1726 622 595 25 1187 1175 2 152 663 386 1201 1201 1
414 2880 412 182 368 17 141 1760 594 564 25 1180 1168 2 143 655 377 1175 1175 1
415 2880 471 203 374 16 137 1679 674 647 27 1177 1153 3 153 659 368 1180 1168 2
416 2880 498 211 363 17 142 1649 709 686 23 1169 1157 2 147 651 376 1174 1162 2
417 2880 483 229 357 19 149 1643 712 672 29 1177 1165 2 166 658 371 1195 1171 3
418 2880 479 197 356 20 150 1678 676 644 29 1158 1146 2 158 653 374 1185 1173 2
419 2880 454 191 362 20 144 1709 645 612 28 1167 1155 2 144 657 365 1166 1154 2
420 2880 478 219 354 14 149 1666 697 664 29 1187 1163 3 149 651 374 1174 1162 2
421 2880 487 230 360 21 133 1649 717 684 29 1188 1164 3 160 655 377 1192 1168 3
422 2880 487 200 348 19 144 1682 687 671 14 1177 1165 2 163 645 377 1185 1173 2
423 2880 481 216 344 18 155 1666 697 669 26 1176 1154 2 171 649 372 1192 1158 3
424 2880 467 197 369 16 131 1700 664 633 28 1171 1159 2 145 657 386 1188 1176 2
425 2880 479 209 370 20 134 1668 688 667 21 1157 1145 2 143 644 374 1161 1149 2
426 2880 435 198 387 19 146 1695 633 609 24 1156 1144 2 154 643 375 1172 1160 2
427 2880 459 201 355 23 140 1702 660 627 30 1164 1140 3 154 646 377 1177 1153 3
428 2880 488 221 370 19 124 1658 709 682 26 1193 1175 2 169 648 374 1191 1161 3
429 2880 506 222 345 21 113 1673 728 702 26 1195 1165 3 174 642 383 1199 1169 3
430 2880 483 211 352 18 121 1695 694 665 27 1209 1167 4 173 649 380 1202 1172 3
431 2880 494 219 357 20 112 1678 713 688 22 1219 1189 3 199 650 384 1233 1191 4
432 2880 512 231 357 14 124 1642 743 705 35 1211 1169 4 169 655 384 1208 1178 3
433 2880 474 215 362 19 143 1667 689 652 33 1200 1182 2 161 660 382 1203 1185 2
434 2880 489 220 374 14 140 1643 709 679 23 1190 1160 3 174 654 383 1211 1181 3
435 2880 457 206 385 16 140 1676 663 637 26 1207 1165 3 177 651 376 1204 1174 2
436 2880 421 183 404 20 147 1705 604 570 25 1190 1160 3 170 652 371 1193 1163 3
437 2880 430 192 394 18 154 1692 622 596 24 1165 1147 2 160 644 369 1173 1155 2
438 2880 416 178 369 13 172 1732 594 567 25 1175 1131 4 181 657 380 1218 1188 3
439 2880 408 192 378 12 139 1751 600 553 35 1196 1158 3 163 655 382 1200 1170 3
440 2880 408 183 377 22 145 1745 591 568 20 1153 1141 2 160 658 395 1213 1195 2
441 2880 426 192 350 26 158 1728 618 598 19 1204 1192 2 174 631 397 1202 1172 3
442 2880 440 191 322 24 185 1718 631 616 16 1173 1137 4 147 650 390 1187 1175 2
443 2880 443 178 347 20 188 1704 621 600 20 1139 1127 2 115 683 360 1158 1146 2
444 2880 467 205 339 14 183 1672 672 654 19 1169 1157 2 138 669 381 1188 1176 2
445 2880 474 200 334 20 171 1681 674 651 22 1161 1149 2 129 664 382 1175 1163 2
446 2880 432 183 321 19 183 1742 615 584 20 1167 1143 3 116 673 383 1172 1172 1
447 2880 405 178 318 23 201 1755 583 568 15 1106 1094 2 94 673 360 1127 1127 1
448 2880 429 172 312 34 233 1700 601 584 17 1117 1117 1 102 694 339 1135 1135 1
449 2880 407 179 326 28 198 1742 586 551 17 1098 1086 2 85 667 342 1094 1094 1
450 2880 432 178 304 37 216 1713 610 592 18 1097 1097 1 100 643 356 1099 1099 1
451 2880 478 192 281 42 200 1687 670 661 10 1104 1092 2 69 693 333 1095 1095 1
452 2880 498 198 286 33 246 1619 696 688 9 1130 1130 1 68 727 372 1167 1167 1
453 2880 498 205 279 42 223 1633 703 691 13 1129 1117 2 61 718 359 1138 1138 1
454 2880 500 204 271 30 229 1646 704 698 7 1141 1141 1 80 704 368 1152 1152 1
455 2880 501 195 284 35 247 1618 696 684 13 1166 1154 2 75 736 369 1180 1180 1
456 2880 513 203 277 37 256 1594 716 703 11 1221 1209 2 80 774 394 1248 1248 1
457 2880 549 205 295 29 241 1561 754 748 6 1266 1254 2 72 814 399 1285 1285 1
458 2880 548 187 338 53 249 1505 735 714 19 1258 1258 1 91 814 405 1310 1310 1
459 2880 579 211 313 55 251 1471 790 780 9 1315 1315 1 83 852 414 1349 1349 1
460 2880 624 216 324 36 235 1445 840 829 12 1386 1386 1 100 905 444 1449 1449 1
461 2880 632 222 340 36 197 1453 854 834 16 1441 1441 1 103 907 474 1484 1484 1
462 2880 667 232 341 40 219 1381 899 880 17 1454 1442 2 103 922 448 1473 1473 1
463 2880 640 229 352 38 191 1430 869 856 14 1434 1434 1 94 899 456 1449 1449 1
464 2880 631 227 322 34 208 1458 858 851 7 1405 1405 1 77 882 435 1394 1394 1
465 2880 693 238 298 23 191 1437 931 920 11 1441 1429 2 94 903 455 1452 1452 1
466 2880 700 243 310 30 182 1415 943 932 10 1454 1428 3 96 908 452 1456 1442 2
467 2880 680 251 306 22 166 1455 931 914 15 1437 1437 1 95 900 445 1440 1440 1
468 2880 681 253 316 20 161 1449 934 918 14 1447 1447 1 68 913 462 1443 1443 1
469 2880 687 253 345 21 156 1418 940 929 11 1428 1428 1 86 910 456 1452 1452 1
470 2880 697 244 328 19 133 1459 941 925 13 1449 1449 1 82 907 454 1443 1443 1
471 2880 685 244 341 22 152 1436 929 907 16 1442 1428 2 86 896 462 1444 1444 1
472 2880 691 227 337 14 141 1470 918 906 12 1448 1448 1 102 890 454 1446 1446 1
473 2880 668 232 341 22 156 1461 900 891 10 1452 1440 2 89 920 447 1456 1456 1
474 2880 653 224 353 27 196 1427 877 863 15 1466 1466 1 105 903 459 1467 1467 1
475 2880 641 224 326 18 186 1485 865 857 9 1416 1416 1 91 899 434 1424 1424 1
476 2880 625 239 330 28 207 1451 864 858 7 1387 1387 1 69 880 449 1398 1398 1
477 2880 673 249 333 33 184 1408 922 913 9 1449 1437 2 89 912 444 1445 1445 1
478 2880 678 246 313 30 175 1438 924 914 11 1404 1404 1 70 896 446 1412 1412 1
479 2880 665 244 333 28 174 1436 909 892 14 1409 1409 1 66 895 454 1415 1415 1
480 2880 684 240 337 18 177 1424 924 916 8 1422 1422 1 89 896 455 1440 1440 1
481 2880 696 251 314 24 182 1413 947 938 9 1430 1430 1 78 908 446 1432 1432 1
482 2880 692 262 329 21 153 1423 954 937 17 1424 1424 1 80 918 445 1443 1431 2
483 2880 695 251 326 28 153 1427 946 932 15 1435 1435 1 70 921 445 1436 1436 1
484 2880 696 259 320 20 164 1421 955 942 13 1489 1477 2 101 915 448 1464 1452 2
485 2880 708 247 324 18 161 1422 955 942 13 1468 1456 2 88 919 441 1448 1436 2
486 2880 675 250 344 15 172 1424 925 915 11 1454 1442 2 102 906 447 1455 1455 1
487 2880 661 248 360 21 185 1405 909 894 15 1431 1407 3 100 893 451 1444 1432 2
488 2880 666 234 344 12 155 1469 900 887 13 1402 1402 1 74 924 436 1434 1422 2
489 2880 668 239 341 25 141 1466 907 895 11 1438 1426 2 77 925 434 1436 1424 2
490 2880 706 252 341 19 135 1427 958 947 12 1437 1425 2 86 935 445 1466 1442 3
491 2880 711 251 344 22 137 1415 962 953 10 1421 1421 1 52 945 439 1436 1436 1
492 2880 721 255 316 16 136 1436 976 962 14 1424 1424 1 55 954 444 1453 1453 1
493 2880 724 251 331 24 135 1415 975 963 12 1455 1455 1 58 952 445 1455 1455 1
494 2880 706 245 327 22 132 1448 951 942 10 1468 1468 1 55 949 446 1450 1450 1
495 2880 717 246 339 18 126 1434 963 949 15 1448 1448 1 48 967 438 1453 1453 1
496 2880 692 246 338 21 141 1442 938 926 13 1425 1425 1 49 961 437 1447 1447 1
497 2880 718 261 353 17 132 1399 979 962 18 1444 1430 2 54 957 444 1455 1435 2
498 2880 696 254 364 15 141 1410 950 928 21 1457 1437 2 48 958 438 1444 1444 1
499 2880 721 264 332 18 141 1404 985 973 12 1444 1444 1 48 961 438 1447 1447 1
500 2880 728 266 346 14 129 1397 994 979 15 1465 1465 1 74 969 447 1490 1470 2
501 2880 720 258 358 11 145 1388 978 962 15 1483 1483 1 60 979 440 1479 1479 1
502 2880 699 249 369 14 153 1396 948 932 16 1452 1452 1 50 962 442 1454 1454 1
503 2880 753 269 321 10 145 1382 1022 1014 8 1471 1471 1 51 975 442 1468 1468 1
504 2880 687 236 357 19 134 1447 923 913 10 1447 1447 1 62 957 441 1460 1460 1
505 2880 659 234 369 14 178 1426 893 877 17 1461 1461 1 59 961 443 1463 1463 1
506 2880 648 231 379 18 161 1443 879 863 17 1430 1430 1 80 961 432 1473 1461 2
507 2880 631 233 358 24 143 1491 864 855 9 1434 1422 2 70 940 446 1456 1434 2
508 2880 642 232 359 19 164 1464 874 860 13 1415 1403 2 45 949 443 1437 1437 1
509 2880 626 219 377 17 175 1466 845 825 17 1383 1383 1 52 937 428 1417 1417 1
510 2880 609 209 358 28 201 1475 818 803 16 1369 1357 2 64 916 432 1412 1412 1
511 2880 630 220 317 40 244 1429 850 838 12 1367 1355 2 49 926 411 1386 1386 1
512 2880 625 217 331 47 217 1443 842 838 5 1353 1353 1 32 946 406 1384 1384 1
513 2880 634 224 298 45 276 1403 858 849 8 1368 1356 2 32 936 408 1376 1376 1
514 2880 595 193 331 60 263 1438 788 779 10 1372 1372 1 13 959 397 1369 1369 1
515 2880 620 211 305 52 215 1477 831 822 9 1374 1348 3 38 960 404 1402 1402 1
516 2880 651 228 315 53 276 1357 879 873 7 1412 1388 3 25 964 412 1401 1401 1
517 2880 766 224 317 46 238 1289 990 980 10 1519 1519 1 28 1098 442 1568 1568 1
518 2880 817 241 337 39 179 1267 1058 1049 9 1615 1615 1 17 1200 443 1660 1646 2
519 2880 945 256 326 33 143 1177 1201 1192 9 1765 1765 1 31 1300 510 1841 1841 1
520 2880 883 255 370 39 154 1179 1138 1131 8 1766 1766 1 31 1266 490 1787 1787 1
521 2880 718 221 450 46 213 1232 939 922 11 1625 1625 1 27 1208 456 1691 1691 1
522 2880 649 220 418 51 243 1299 869 859 9 1573 1573 1 5 1145 463 1613 1613 1
523 2880 722 239 351 45 229 1294 961 955 7 1552 1552 1 9 1101 472 1582 1582 1
524 2880 813 279 310 48 201 1229 1092 1082 9 1583 1583 1 20 1098 476 1594 1594 1
525 2880 918 280 314 35 149 1184 1198 1192 7 1778 1764 2 62 1194 512 1768 1768 1
526 2880 966 276 312 29 155 1142 1242 1232 9 1756 1756 1 78 1164 529 1771 1771 1
527 2880 961 267 335 32 155 1130 1228 1219 10 1813 1813 1 94 1186 557 1837 1837 1
528 2880 868 250 364 36 218 1144 1118 1111 8 1726 1726 1 52 1203 502 1757 1757 1
529 2880 900 264 319 41 191 1165 1164 1160 5 1738 1738 1 46 1197 493 1736 1736 1
530 2880 862 242 358 37 219 1162 1104 1102 3 1689 1689 1 38 1179 494 1711 1711 1
531 2880 875 277 343 31 155 1199 1152 1143 8 1695 1683 2 51 1155 500 1706 1706 1
532 2880 898 278 321 31 190 1162 1176 1170 7 1679 1679 1 32 1168 492 1692 1692 1
533 2880 898 269 323 27 188 1175 1167 1162 6 1670 1670 1 40 1175 491 1706 1706 1
534 2880 909 277 312 31 176 1175 1186 1181 6 1699 1687 2 35 1181 480 1696 1696 1
535 2880 923 264 339 20 137 1197 1187 1176 11 1692 1692 1 58 1171 497 1726 1714 2
536 2880 942 268 318 28 170 1154 1210 1203 7 1696 1696 1 36 1176 490 1702 1702 1
537 2880 986 297 281 25 169 1122 1283 1273 11 1718 1718 1 55 1155 515 1725 1725 1
538 2880 1004 288 303 24 133 1128 1292 1286 7 1769 1769 1 41 1233 505 1779 1779 1
539 2880 1020 311 295 23 142 1089 1331 1320 11 1793 1781 2 65 1172 529 1766 1766 1
540 2880 972 289 334 21 125 1139 1261 1243 19 1753 1753 1 91 1168 529 1788 1788 1
541 2880 946 288 350 17 133 1146 1234 1219 15 1768 1768 1 47 1201 505 1753 1753 1
542 2880 913 257 377 26 146 1161 1170 1154 15 1747 1747 1 50 1190 504 1744 1744 1
543 2880 906 276 339 23 163 1173 1182 1169 11 1710 1710 1 46 1204 496 1746 1746 1
544 2880 886 272 363 30 157 1172 1158 1147 12 1712 1712 1 58 1185 496 1739 1727 2
545 2880 833 252 378 41 193 1183 1085 1077 9 1695 1695 1 42 1169 496 1707 1707 1
546 2880 834 258 377 48 220 1143 1092 1084 8 1660 1660 1 40 1135 514 1689 1689 1
547 2880 860 257 332 31 224 1176 1117 1107 8 1645 1645 1 23 1161 485 1669 1669 1
548 2880 826 245 369 50 227 1163 1071 1064 8 1659 1647 2 20 1170 478 1668 1668 1
549 2880 840 231 352 44 231 1182 1071 1067 5 1641 1641 1 19 1159 483 1661 1661 1
550 2880 858 244 336 42 211 1189 1102 1092 10 1659 1659 1 23 1199 463 1685 1685 1
551 2880 869 231 369 51 211 1149 1100 1092 8 1674 1674 1 2 1263 458 1723 1723 1
552 2880 941 251 331 46 207 1104 1192 1187 6 1721 1709 2 8 1272 462 1742 1742 1
553 2880 949 255 328 35 149 1164 1204 1198 7 1752 1740 2 7 1267 471 1745 1745 1
554 2880 965 270 315 27 184 1119 1235 1225 8 1733 1733 1 28 1243 500 1771 1771 1
555 2880 982 269 327 22 161 1119 1251 1244 7 1734 1734 1 34 1231 490 1755 1755 1
556 2880 992 257 327 19 142 1143 1249 1244 6 1773 1773 1 22 1255 482 1759 1759 1
557 2880 1027 286 309 17 146 1095 1313 1306 8 1776 1776 1 41 1258 499 1798 1798 1
558 2880 1045 278 311 10 113 1123 1323 1318 6 1815 1815 1 52 1252 512 1816 1816 1
559 2880 1042 269 314 13 95 1147 1311 1301 8 1833 1833 1 70 1274 510 1854 1854 1
560 2880 1040 279 313 11 110 1127 1319 1313 7 1822 1822 1 55 1284 509 1848 1848 1
561 2880 1071 275 300 17 117 1100 1346 1337 10 1850 1850 1 43 1303 493 1839 1839 1
562 2880 1034 279 302 21 127 1117 1313 1298 15 1830 1830 1 66 1288 510 1864 1852 2
563 2880 1054 289 315 16 113 1093 1343 1332 11 1845 1845 1 61 1276 515 1852 1852 1
564 2880 1057 287 312 11 105 1108 1344 1328 16 1856 1856 1 31 1298 497 1826 1826 1
565 2880 1000 276 342 16 118 1128 1276 1254 19 1817 1817 1 51 1275 517 1843 1843 1
566 2880 1080 297 290 12 104 1097 1377 1369 9 1822 1822 1 46 1266 510 1822 1822 1
567 2880 1070 285 308 22 106 1089 1355 1343 11 1859 1847 2 59 1277 509 1845 1833 2
568 2880 1025 285 335 11 96 1128 1310 1302 9 1834 1822 2 59 1260 513 1832 1820 2
569 2880 990 272 343 14 113 1148 1262 1255 8 1786 1786 1 53 1255 507 1815 1803 2
570 2880 1001 269 350 11 108 1141 1270 1260 11 1768 1756 2 47 1244 501 1792 1780 2
571 2880 981 269 341 10 117 1162 1250 1238 9 1799 1799 1 51 1212 513 1776 1776 1
572 2880 1020 293 309 9 109 1140 1313 1301 12 1797 1785 2 65 1225 515 1805 1793 2
573 2880 1043 280 296 7 102 1152 1323 1316 8 1819 1807 2 55 1245 497 1797 1785 2
574 2880 998 276 329 19 105 1153 1274 1267 8 1776 1764 2 54 1231 500 1785 1773 2
575 2880 1018 274 312 7 89 1180 1292 1286 6 1797 1785 2 59 1235 507 1801 1789 2
576 2880 1057 293 273 9 106 1142 1350 1346 5 1790 1778 2 56 1227 501 1784 1772 2
577 2880 985 276 347 9 102 1161 1261 1251 11 1807 1783 3 55 1227 509 1791 1779 2
578 2880 968 262 341 9 121 1179 1230 1222 8 1746 1746 1 31 1239 497 1767 1767 1
579 2880 957 280 326 16 136 1165 1237 1233 5 1750 1738 2 39 1203 507 1749 1749 1
580 2880 962 263 306 19 121 1209 1225 1220 6 1743 1731 2 51 1215 497 1763 1751 2
581 2880 940 261 344 17 125 1193 1201 1193 9 1720 1720 1 53 1185 509 1747 1747 1
582 2880 934 257 343 14 102 1230 1191 1184 8 1725 1713 2 47 1190 493 1730 1718 2
583 2880 862 256 387 8 140 1227 1118 1095 21 1712 1700 2 49 1153 503 1705 1705 1
584 2880 897 261 344 26 134 1218 1158 1146 13 1668 1668 1 30 1166 486 1682 1682 1
585 2880 885 248 343 16 143 1245 1133 1125 8 1661 1661 1 31 1158 497 1686 1686 1
586 2880 842 246 361 29 189 1213 1088 1085 4 1643 1643 1 22 1171 472 1665 1665 1
587 2880 914 265 321 24 152 1204 1179 1171 9 1703 1689 2 21 1205 473 1699 1699 1
588 2880 841 239 351 34 175 1240 1080 1069 12 1626 1626 1 31 1147 483 1661 1661 1
589 2880 810 222 390 46 192 1220 1032 1019 13 1627 1627 1 22 1144 470 1636 1636 1
590 2880 784 230 366 26 213 1261 1014 1003 10 1600 1600 1 6 1166 456 1628 1628 1
591 2880 827 239 322 38 239 1215 1066 1063 3 1567 1567 1 4 1148 458 1610 1610 1
592 2880 740 237 353 52 211 1287 977 967 8 1532 1532 1 6 1119 444 1569 1569 1
593 2880 782 256 301 43 232 1266 1038 1032 7 1549 1549 1 17 1088 473 1578 1578 1
594 2880 671 220 377 46 243 1323 891 877 12 1545 1545 1 25 1094 459 1578 1578 1
595 2880 650 232 357 41 249 1351 882 872 10 1501 1501 1 18 1057 460 1535 1535 1
596 2880 549 198 379 47 277 1430 747 722 19 1387 1387 1 16 989 438 1443 1443 1
597 2880 530 204 354 38 274 1480 734 730 4 1339 1315 3 46 883 412 1341 1341 1
598 2880 553 230 321 51 286 1439 783 771 12 1333 1321 2 24 888 452 1364 1364 1
599 2880 552 227 319 44 263 1475 779 776 4 1305 1305 1 33 854 433 1320 1320 1
600 2880 583 242 306 44 233 1472 825 817 9 1287 1287 1 49 846 423 1318 1306 2
601 2880 552 225 304 30 249 1520 777 765 12 1261 1249 2 68 815 420 1303 1291 2
602 2880 562 253 293 37 249 1486 815 801 12 1261 1261 1 40 806 433 1279 1279 1
603 2880 529 234 288 39 261 1529 763 755 8 1228 1216 2 38 776 426 1240 1240 1
604 2880 489 215 311 47 291 1527 704 696 8 1206 1194 2 64 769 404 1237 1237 1
605 2880 482 205 291 68 291 1543 687 680 7 1194 1194 1 86 725 386 1197 1197 1
606 2880 456 199 279 54 324 1568 655 651 5 1137 1137 1 71 692 382 1145 1145 1
607 2880 417 205 291 62 302 1603 622 613 9 1091 1091 1 59 696 365 1120 1120 1
608 2880 424 196 282 61 341 1576 620 607 11 1134 1122 2 68 728 374 1170 1170 1
609 2880 435 208 284 62 290 1601 643 630 13 1120 1120 1 56 738 334 1128 1128 1
610 2880 361 162 272 65 303 1717 523 513 10 1014 1014 1 94 625 348 1067 1067 1
611 2880 363 164 282 63 339 1669 527 517 11 1044 1044 1 65 643 327 1035 1035 1
612 2880 337 151 255 71 349 1717 488 479 7 941 941 1 121 545 327 993 993 1
613 2880 345 165 284 62 360 1664 510 503 7 963 963 1 87 582 310 979 979 1
614 2880 334 161 255 42 293 1795 495 485 9 954 942 2 65 583 289 937 937 1
615 2880 356 168 282 51 299 1724 524 512 13 970 970 1 104 613 298 1015 1015 1
616 2880 342 180 266 51 308 1733 522 513 10 999 999 1 119 562 331 1012 1012 1
617 2880 362 179 262 52 307 1718 541 527 14 990 966 3 112 557 318 987 987 1
618 2880 371 190 249 40 277 1753 561 551 11 958 946 2 98 550 310 958 958 1
619 2880 343 175 247 44 268 1803 518 510 8 994 982 2 130 558 334 1022 1022 1
620 2880 378 208 253 47 250 1744 586 574 11 985 985 1 130 576 314 1020 1008 2
621 2880 370 198 271 42 279 1720 568 554 13 1048 1024 3 115 573 343 1031 1031 1
622 2880 381 185 253 43 279 1739 566 554 12 996 972 3 102 578 312 992 980 2
623 2880 319 156 251 44 293 1817 475 466 8 940 928 2 121 532 323 976 964 2
624 2880 330 179 258 48 287 1778 509 498 12 933 933 1 109 530 313 952 952 1
625 2880 327 174 240 48 273 1818 501 496 6 902 890 2 93 543 303 939 939 1
626 2880 323 165 273 29 279 1811 488 471 17 935 911 3 100 539 299 938 926 2
627 2880 324 175 257 48 275 1801 499 488 12 947 935 2 112 516 320 948 948 1
628 2880 328 181 241 57 323 1750 509 508 2 922 922 1 116 471 328 915 915 1
629 2880 300 170 252 58 320 1780 470 463 7 911 887 3 108 504 278 890 890 1
630 2880 343 162 249 58 298 1770 505 498 8 944 944 1 106 567 280 953 953 1
631 2880 364 165 263 53 332 1703 529 520 9 1044 1008 3 101 614 339 1054 1054 1
632 2880 434 168 302 60 285 1631 602 590 11 1120 1108 2 69 720 365 1154 1154 1
633 2880 440 185 293 62 311 1589 625 614 11 1135 1111 3 114 678 353 1145 1145 1
634 2880 461 211 279 46 270 1613 672 661 11 1194 1194 1 120 682 427 1229 1229 1
635 2880 458 224 313 57 246 1582 682 670 11 1186 1174 2 80 734 396 1210 1210 1
636 2880 455 195 285 59 282 1604 650 641 10 1168 1156 2 50 756 400 1206 1206 1
637 2880 423 183 267 57 262 1688 606 601 6 1105 1105 1 86 678 388 1152 1152 1
638 2880 482 204 286 43 269 1596 686 680 6 1206 1158 4 67 718 395 1180 1180 1
639 2880 479 197 292 38 252 1622 676 657 13 1151 1139 2 58 714 396 1168 1168 1
640 2880 453 180 312 42 225 1668 633 620 11 1176 1152 3 52 727 380 1159 1159 1
641 2880 464 205 291 40 235 1645 669 658 11 1167 1155 2 93 710 377 1180 1168 2
642 2880 500 213 277 33 213 1644 713 701 11 1166 1166 1 92 711 377 1180 1180 1
643 2880 501 224 273 31 221 1630 725 711 12 1203 1191 2 87 753 372 1212 1212 1
644 2880 511 211 293 34 211 1620 722 709 12 1212 1212 1 92 766 388 1246 1246 1
645 2880 527 209 315 34 186 1609 736 726 11 1252 1240 2 109 782 389 1280 1268 2
646 2880 527 207 305 36 229 1576 734 722 13 1268 1256 2 111 760 406 1277 1265 2
647 2880 514 204 331 42 227 1562 718 704 11 1268 1268 1 68 822 402 1292 1292 1
648 2880 540 210 322 51 260 1497 750 737 13 1255 1255 1 82 820 386 1288 1288 1
649 2880 557 201 321 32 220 1549 758 749 9 1251 1251 1 102 793 393 1288 1288 1
650 2880 572 230 308 33 215 1522 802 791 11 1297 1297 1 81 873 390 1344 1344 1
651 2880 585 222 308 34 220 1511 807 793 13 1298 1298 1 65 866 389 1320 1320 1
652 2880 587 224 305 36 191 1537 811 802 10 1332 1332 1 89 843 421 1353 1353 1
653 2880 626 241 342 32 175 1464 867 853 13 1395 1395 1 96 870 435 1401 1401 1
654 2880 615 252 312 24 173 1504 867 857 11 1405 1391 2 103 893 433 1429 1403 3
655 2880 640 248 336 27 158 1471 888 869 18 1408 1408 1 130 847 458 1435 1423 2
656 2880 602 226 333 35 196 1488 828 810 19 1380 1380 1 91 883 421 1395 1395 1
657 2880 609 226 333 42 243 1427 835 823 11 1398 1386 2 86 907 446 1439 1439 1
658 2880 588 234 321 37 216 1484 822 809 13 1386 1386 1 109 907 423 1439 1439 1
659 2880 593 232 321 49 235 1450 825 814 11 1359 1359 1 100 863 446 1409 1409 1
660 2880 566 219 313 47 281 1454 785 771 13 1369 1369 1 105 855 441 1401 1401 1
661 2880 447 189 312 62 313 1557 636 626 10 1231 1219 2 82 815 394 1291 1291 1
662 2880 550 218 321 48 256 1487 768 759 9 1346 1346 1 71 916 449 1436 1436 1
663 2880 684 243 316 41 220 1376 927 917 11 1452 1452 1 115 906 488 1509 1509 1
664 2880 719 261 338 52 226 1284 980 973 8 1561 1549 2 88 979 490 1557 1557 1
665 2880 743 284 333 24 221 1275 1027 1014 13 1538 1538 1 92 1001 524 1617 1617 1
666 2880 699 265 341 44 226 1305 964 954 10 1557 1557 1 103 959 552 1614 1614 1
667 2880 809 286 315 33 209 1228 1095 1082 12 1633 1633 1 104 1010 548 1662 1662 1
668 2880 852 303 334 31 162 1198 1155 1144 10 1708 1708 1 119 1015 570 1704 1704 1
669 2880 894 320 327 31 168 1140 1214 1207 8 1745 1733 2 65 1117 577 1759 1759 1
670 2880 951 339 329 30 144 1087 1290 1284 7 1789 1777 2 103 1123 621 1847 1847 1
671 2880 1002 350 329 24 131 1044 1352 1344 9 1864 1864 1 152 1075 660 1887 1887 1
672 2880 985 336 337 36 156 1030 1321 1309 9 1880 1856 3 111 1144 631 1886 1886 1
673 2880 972 339 347 19 154 1049 1311 1302 10 1874 1874 1 108 1152 646 1906 1906 1
674 2880 911 323 374 33 182 1057 1234 1226 9 1841 1841 1 126 1118 600 1844 1844 1
675 2880 924 335 328 41 170 1082 1259 1253 7 1774 1774 1 100 1131 590 1821 1821 1
676 2880 875 298 356 33 188 1130 1173 1162 12 1756 1756 1 117 1101 565 1783 1783 1
677 2880 889 313 360 34 157 1127 1202 1190 12 1749 1749 1 96 1151 528 1775 1775 1
678 2880 903 307 359 20 162 1129 1210 1204 7 1770 1770 1 103 1115 568 1786 1786 1
679 2880 934 300 345 24 183 1094 1234 1228 6 1788 1788 1 92 1158 548 1798 1798 1
680 2880 900 279 369 27 165 1140 1179 1167 12 1773 1773 1 105 1146 548 1799 1799 1
681 2880 991 320 299 18 120 1132 1311 1297 15 1829 1816 2 104 1175 578 1857 1857 1
682 2880 1012 324 304 23 129 1088 1336 1329 7 1830 1830 1 115 1181 563 1859 1859 1
683 2880 1054 347 327 20 123 1009 1401 1398 4 1867 1867 1 135 1154 597 1886 1886 1
684 2880 1057 357 309 11 109 1037 1414 1400 13 1889 1889 1 181 1161 607 1949 1949 1
685 2880 1059 356 325 19 130 991 1415 1405 9 1920 1920 1 145 1163 593 1901 1901 1
686 2880 1049 362 341 21 126 981 1411 1395 13 1945 1945 1 127 1192 625 1944 1944 1
687 2880 1083 360 332 18 113 974 1443 1433 10 1932 1932 1 150 1182 616 1948 1948 1
688 2880 1069 379 312 18 130 972 1448 1437 11 1946 1946 1 152 1192 617 1961 1949 2
689 2880 1100 379 322 15 109 955 1479 1469 10 1940 1928 2 170 1184 601 1955 1955 1
690 2880 1097 386 321 12 110 954 1483 1475 8 1967 1955 2 171 1180 611 1962 1950 2
691 2880 1073 375 326 16 120 970 1448 1440 8 1939 1939 1 156 1179 628 1963 1963 1
692 2880 1102 384 317 10 111 956 1486 1476 10 1966 1966 1 153 1208 627 1988 1988 1
693 2880 1044 356 360 17 106 997 1400 1389 12 1958 1946 2 149 1180 624 1953 1953 1
694 2880 1097 388 312 21 103 959 1485 1477 6 1949 1949 1 153 1175 616 1944 1944 1
695 2880 1105 385 313 9 101 967 1490 1482 9 1906 1906 1 146 1186 613 1945 1945 1
696 2880 1107 394 306 9 105 959 1501 1488 13 1930 1930 1 131 1181 622 1934 1934 1
697 2880 1106 370 314 8 111 971 1476 1465 11 1953 1953 1 152 1182 630 1964 1964 1
698 2880 1104 389 316 9 120 942 1493 1476 17 2005 2005 1 157 1171 668 1996 1996 1
699 2880 1112 404 336 20 96 912 1516 1498 18 1994 1994 1 152 1173 655 1980 1980 1
700 2880 1088 388 334 11 104 955 1476 1461 13 2004 2004 1 176 1148 688 2012 2012 1
701 2880 1063 383 343 20 90 981 1446 1429 16 2022 2022 1 156 1191 680 2027 2027 1
702 2880 1020 357 396 19 104 984 1377 1355 17 1988 1988 1 173 1182 664 2019 2019 1
703 2880 979 352 374 17 111 1047 1331 1320 10 1898 1884 2 142 1183 645 1970 1970 1
704 2880 1020 340 383 9 109 1019 1360 1343 14 1898 1898 1 123 1180 615 1918 1918 1
705 2880 1061 362 338 13 110 996 1423 1403 14 1910 1898 2 135 1159 622 1916 1916 1
706 2880 1084 360 333 19 108 976 1444 1435 9 1927 1927 1 158 1170 615 1943 1943 1
707 2880 1088 349 337 15 118 973 1437 1430 8 1938 1938 1 152 1166 636 1954 1954 1
708 2880 1093 351 319 17 123 977 1444 1439 6 1976 1976 1 117 1250 638 2005 2005 1
709 2880 1120 371 337 22 102 928 1491 1483 8 1971 1971 1 157 1206 656 2019 2019 1
710 2880 1094 353 349 16 103 965 1447 1436 9 1984 1984 1 152 1236 643 2031 2031 1
711 2880 1131 332 328 21 98 970 1463 1455 8 1987 1987 1 87 1302 647 2036 2036 1
712 2880 1166 355 291 19 94 955 1521 1514 8 2025 2025 1 116 1284 640 2040 2040 1
713 2880 1208 317 369 25 103 858 1525 1518 7 2098 2098 1 111 1365 631 2107 2107 1
714 2880 1137 321 354 23 152 893 1458 1449 9 2054 2054 1 93 1343 662 2098 2098 1
715 2880 1092 324 371 20 152 921 1416 1406 9 2021 2021 1 88 1337 652 2077 2077 1
716 2880 1102 325 306 29 158 960 1427 1419 8 1975 1963 2 90 1279 661 2030 2030 1
717 2880 1182 330 313 20 124 911 1512 1507 6 2063 2063 1 74 1343 674 2091 2091 1
718 2880 1266 349 342 13 78 832 1615 1608 8 2177 2177 1 95 1405 710 2210 2210 1
719 2880 1282 367 340 9 83 799 1649 1629 19 2217 2217 1 95 1441 713 2249 2249 1
720 2880 1280 369 369 8 95 759 1649 1631 14 2220 2220 1 74 1444 718 2236 2236 1
721 2880 1282 376 354 14 79 775 1658 1645 13 2217 2217 1 77 1450 690 2217 2217 1
722 2880 1296 364 370 14 83 753 1660 1648 13 2231 2231 1 92 1468 708 2268 2268 1
723 2880 1339 384 337 11 72 737 1723 1711 12 2267 2267 1 98 1447 743 2288 2288 1
724 2880 1351 401 326 8 93 701 1752 1743 10 2284 2284 1 113 1435 739 2287 2287 1
725 2880 1341 399 343 6 64 727 1740 1725 15 2275 2275 1 122 1413 753 2288 2288 1
726 2880 1350 410 326 3 66 725 1760 1746 15 2262 2262 1 124 1398 750 2272 2272 1
727 2880 1352 404 324 10 49 741 1756 1745 10 2282 2282 1 130 1412 752 2294 2294 1
728 2880 1383 401 329 4 52 711 1784 1779 6 2300 2300 1 121 1427 752 2300 2300 1
729 2880 1400 386 320 6 63 705 1786 1772 15 2276 2276 1 125 1426 745 2296 2296 1
730 2880 1378 399 307 7 65 724 1777 1765 12 2269 2269 1 111 1445 730 2286 2286 1
731 2880 1331 377 344 8 53 767 1708 1695 13 2239 2239 1 104 1429 722 2255 2255 1
732 2880 1368 384 355 13 65 695 1752 1745 8 2264 2264 1 111 1465 731 2307 2307 1
733 2880 1343 381 358 5 64 729 1724 1717 7 2289 2289 1 120 1452 748 2320 2320 1
734 2880 1352 381 358 8 62 719 1733 1722 11 2279 2279 1 118 1453 744 2315 2315 1
735 2880 1349 382 343 7 66 733 1731 1720 11 2269 2269 1 117 1441 743 2301 2301 1
736 2880 1327 385 358 8 64 738 1712 1703 9 2273 2273 1 111 1449 745 2305 2305 1
737 2880 1330 369 356 6 68 751 1699 1693 7 2256 2256 1 117 1430 751 2298 2298 1
738 2880 1352 385 349 2 58 734 1737 1727 11 2272 2272 1 111 1453 736 2300 2300 1
739 2880 1389 387 320 3 76 705 1776 1766 11 2250 2250 1 99 1444 719 2262 2262 1
740 2880 1332 378 353 7 71 739 1710 1701 10 2250 2250 1 99 1458 703 2260 2260 1
741 2880 1316 361 367 7 79 750 1677 1669 8 2229 2229 1 95 1450 701 2246 2246 1
742 2880 1326 373 351 9 63 758 1699 1689 11 2242 2242 1 106 1435 723 2264 2264 1
743 2880 1367 370 337 11 70 725 1737 1728 10 2261 2261 1 110 1426 718 2254 2254 1
744 2880 1366 376 348 8 74 708 1742 1728 13 2253 2253 1 105 1449 711 2265 2265 1
745 2880 1381 387 322 9 48 733 1768 1757 10 2261 2261 1 109 1458 717 2284 2284 1
746 2880 1317 370 370 7 72 744 1687 1674 13 2244 2244 1 105 1456 707 2268 2268 1
747 2880 1332 383 364 4 70 727 1715 1701 14 2254 2254 1 116 1443 710 2269 2269 1
748 2880 1337 387 347 7 63 739 1724 1711 11 2256 2256 1 106 1451 704 2261 2261 1
749 2880 1314 387 368 6 80 725 1701 1685 15 2268 2268 1 125 1430 721 2276 2276 1
750 2880 1349 399 343 7 60 722 1748 1738 10 2282 2282 1 118 1451 716 2285 2285 1
751 2880 1344 381 360 5 50 740 1725 1713 12 2267 2267 1 118 1454 712 2284 2284 1
752 2880 1298 386 378 17 57 744 1684 1667 18 2265 2265 1 127 1426 723 2276 2276 1
753 2880 1342 389 352 10 66 721 1731 1723 9 2254 2254 1 131 1417 723 2271 2271 1
754 2880 1327 382 367 8 62 734 1709 1693 13 2267 2267 1 131 1430 711 2272 2272 1
755 2880 1327 380 363 7 73 730 1707 1693 15 2285 2285 1 137 1430 717 2284 2284 1
756 2880 1355 382 339 10 65 729 1737 1724 14 2278 2278 1 134 1418 728 2280 2280 1
757 2880 1341 387 332 8 57 755 1728 1716 11 2259 2259 1 124 1441 708 2273 2273 1
758 2880 1326 378 349 6 44 777 1704 1695 9 2285 2285 1 141 1437 712 2290 2290 1
759 2880 1305 369 358 6 55 787 1674 1662 13 2245 2245 1 133 1421 711 2265 2265 1
760 2880 1364 390 334 8 51 733 1754 1744 11 2258 2258 1 128 1427 716 2271 2271 1
761 2880 1340 373 347 5 60 755 1713 1694 18 2264 2264 1 133 1425 717 2275 2275 1
762 2880 1345 398 354 3 62 718 1743 1725 16 2261 2261 1 131 1433 713 2277 2277 1
763 2880 1301 376 363 4 57 779 1677 1666 11 2263 2263 1 136 1411 718 2265 2265 1
764 2880 1283 374 382 3 57 781 1657 1649 9 2247 2247 1 134 1422 716 2272 2272 1
765 2880 1331 384 339 5 47 774 1715 1699 13 2265 2265 1 124 1415 732 2271 2271 1
766 2880 1322 385 346 2 53 772 1707 1697 10 2273 2273 1 124 1425 726 2275 2275 1
767 2880 1333 384 354 5 57 747 1717 1704 14 2264 2264 1 125 1426 729 2280 2280 1
768 2880 1262 378 387 4 65 784 1640 1627 13 2239 2239 1 125 1421 725 2271 2271 1
769 2880 1360 396 318 4 63 739 1756 1751 6 2258 2258 1 119 1436 723 2278 2278 1
770 2880 1350 373 360 2 52 743 1723 1714 5 2270 2270 1 118 1435 714 2267 2267 1
771 2880 1316 379 342 5 60 778 1695 1686 9 2261 2261 1 116 1422 716 2254 2254 1
772 2880 1312 381 348 3 63 773 1693 1680 12 2269 2269 1 111 1429 715 2255 2255 1
773 2880 1313 383 356 9 62 757 1696 1685 11 2246 2246 1 117 1427 715 2259 2259 1
774 2880 1349 383 331 6 63 748 1732 1711 14 2248 2248 1 113 1433 717 2263 2263 1
775 2880 1354 389 316 5 61 755 1743 1725 14 2237 2237 1 115 1425 715 2255 2255 1
776 2880 1318 370 374 4 66 748 1688 1679 10 2248 2248 1 113 1428 714 2255 2255 1
777 2880 1292 382 355 4 64 783 1674 1664 7 2243 2243 1 121 1413 722 2256 2256 1
778 2880 1333 378 355 9 72 733 1711 1699 11 2241 2241 1 115 1431 715 2261 2261 1
779 2880 1287 384 361 7 75 766 1671 1662 8 2244 2244 1 123 1417 723 2263 2263 1
780 2880 1312 370 356 11 66 765 1682 1664 17 2229 2229 1 120 1412 730 2262 2262 1
781 2880 1368 388 323 7 55 739 1756 1743 9 2271 2271 1 123 1419 736 2278 2278 1
782 2880 1369 392 327 6 57 729 1761 1752 10 2272 2272 1 119 1420 727 2266 2266 1
783 2880 1349 403 316 5 68 739 1752 1740 13 2245 2245 1 119 1417 729 2265 2265 1
784 2880 1329 388 336 6 56 765 1717 1711 7 2267 2267 1 119 1421 725 2265 2265 1
785 2880 1282 359 373 6 70 790 1641 1620 18 2239 2239 1 131 1409 729 2269 2269 1
786 2880 1311 370 335 7 80 777 1681 1670 11 2242 2242 1 117 1419 715 2251 2251 1
787 2880 1356 383 341 5 64 731 1739 1725 11 2287 2287 1 115 1432 728 2275 2275 1
788 2880 1319 374 348 7 76 756 1693 1684 9 2281 2281 1 110 1425 730 2265 2265 1
789 2880 1294 371 367 13 63 772 1665 1650 9 2233 2233 1 109 1436 724 2269 2269 1
790 2880 1278 365 345 5 74 813 1643 1638 5 2254 2254 1 113 1407 740 2260 2260 1
791 2880 1281 368 336 11 87 797 1649 1641 9 2181 2181 1 114 1384 713 2211 2211 1
792 2880 1273 370 343 14 112 768 1643 1638 6 2203 2203 1 118 1359 737 2214 2214 1
793 2880 1258 353 334 16 81 838 1611 1604 6 2201 2201 1 98 1389 733 2220 2220 1
794 2880 1333 398 312 14 83 740 1731 1725 6 2282 2282 1 125 1403 769 2297 2297 1
795 2880 1370 399 323 5 74 709 1769 1762 8 2303 2303 1 122 1414 777 2313 2313 1
796 2880 1392 407 329 15 80 657 1799 1791 8 2347 2347 1 147 1443 811 2401 2401 1
797 2880 1416 426 351 7 60 620 1842 1833 10 2383 2383 1 151 1438 807 2396 2396 1
798 2880 1404 439 327 6 57 647 1843 1820 16 2382 2382 1 133 1459 799 2391 2391 1
799 2880 1446 434 341 7 65 587 1880 1864 14 2395 2395 1 154 1448 798 2400 2400 1
800 2880 1447 436 337 3 65 592 1883 1870 11 2404 2404 1 148 1451 810 2409 2409 1
801 2880 1437 416 350 6 61 610 1853 1843 9 2389 2389 1 144 1465 811 2420 2420 1
802 2880 1458 440 310 7 52 613 1898 1884 14 2404 2404 1 148 1476 792 2416 2416 1
803 2880 1457 440 340 4 55 584 1897 1876 14 2383 2383 1 145 1472 802 2419 2419 1
804 2880 1431 423 348 11 63 604 1854 1844 11 2417 2417 1 143 1470 817 2430 2430 1
805 2880 1425 445 357 10 63 580 1870 1861 8 2402 2402 1 153 1459 804 2416 2416 1
806 2880 1449 448 342 7 56 578 1897 1888 8 2395 2395 1 166 1438 818 2422 2422 1
807 2880 1469 450 330 8 54 569 1919 1905 10 2406 2406 1 158 1449 804 2411 2411 1
808 2880 1465 437 341 4 64 569 1902 1893 8 2407 2407 1 168 1453 800 2421 2421 1
809 2880 1444 433 340 7 54 602 1877 1873 4 2403 2403 1 156 1456 800 2412 2412 1
810 2880 1424 439 336 4 75 602 1863 1846 12 2369 2369 1 155 1446 796 2397 2397 1
811 2880 1426 418 348 6 63 619 1844 1831 11 2377 2377 1 145 1470 787 2402 2402 1
812 2880 1438 429 357 12 65 579 1867 1851 14 2411 2411 1 145 1490 781 2416 2416 1
813 2880 1390 411 382 10 69 618 1801 1788 12 2383 2383 1 137 1481 773 2391 2391 1
814 2880 1387 428 370 10 78 607 1815 1789 19 2368 2368 1 150 1461 794 2405 2405 1
815 2880 1441 426 343 12 70 588 1867 1857 9 2400 2400 1 126 1517 787 2430 2430 1
816 2880 1473 447 344 9 66 541 1920 1902 13 2418 2418 1 126 1528 791 2445 2445 1
817 2880 1480 470 322 14 67 527 1950 1939 11 2432 2432 1 144 1514 805 2463 2463 1
818 2880 1479 463 349 9 49 531 1942 1934 9 2442 2442 1 137 1505 812 2454 2454 1
819 2880 1502 466 327 7 43 535 1968 1964 5 2458 2458 1 133 1530 800 2463 2463 1
820 2880 1465 457 349 2 58 549 1922 1915 7 2452 2452 1 138 1506 819 2463 2463 1
821 2880 1467 454 370 9 40 540 1921 1911 11 2453 2453 1 140 1519 803 2462 2462 1
822 2880 1442 442 375 4 55 562 1884 1873 12 2458 2458 1 128 1523 815 2466 2466 1
823 2880 1486 469 338 2 55 530 1955 1940 13 2431 2431 1 117 1523 806 2446 2446 1
824 2880 1507 464 336 4 44 525 1971 1959 12 2472 2472 1 117 1525 816 2458 2458 1
825 2880 1495 468 361 9 35 512 1963 1954 8 2463 2463 1 122 1530 811 2463 2463 1
826 2880 1471 469 353 8 56 523 1940 1925 11 2436 2436 1 119 1520 811 2450 2450 1
827 2880 1510 473 350 4 53 490 1983 1959 20 2446 2446 1 120 1523 812 2455 2455 1
828 2880 1466 447 378 6 56 527 1913 1898 13 2444 2444 1 119 1510 813 2442 2442 1
829 2880 1425 437 372 7 54 585 1862 1854 9 2411 2411 1 118 1523 798 2439 2439 1
830 2880 1485 468 346 6 48 527 1953 1944 10 2445 2445 1 123 1531 801 2455 2455 1
831 2880 1514 477 348 4 54 483 1991 1976 14 2466 2466 1 130 1514 822 2466 2466 1
832 2880 1496 467 360 4 51 502 1963 1950 12 2463 2463 1 122 1532 810 2464 2464 1
833 2880 1497 478 349 4 45 507 1975 1962 14 2453 2453 1 125 1530 811 2466 2466 1
834 2880 1515 465 343 5 48 504 1980 1971 9 2456 2456 1 118 1543 800 2461 2461 1
835 2880 1515 463 363 6 62 471 1978 1969 10 2452 2452 1 123 1536 801 2460 2460 1
836 2880 1497 467 356 2 52 506 1964 1951 14 2454 2454 1 132 1534 809 2475 2475 1
837 2880 1495 462 346 4 59 514 1957 1949 8 2463 2463 1 140 1542 817 2499 2499 1
838 2880 1487 459 348 7 53 526 1946 1930 14 2465 2465 1 120 1532 818 2470 2470 1
839 2880 1472 441 364 7 72 524 1913 1902 12 2474 2474 1 123 1527 827 2477 2477 1
840 2880 1435 443 384 17 64 537 1878 1868 7 2436 2436 1 141 1504 835 2480 2480 1
841 2880 1397 445 372 14 59 593 1842 1826 14 2455 2455 1 158 1483 842 2483 2483 1
842 2880 1374 427 369 9 68 633 1801 1794 7 2383 2383 1 141 1430 854 2425 2425 1
843 2880 1384 436 359 15 68 618 1820 1816 5 2415 2415 1 164 1426 893 2483 2483 1
844 2880 1506 489 303 8 63 511 1995 1978 14 2511 2511 1 173 1454 890 2517 2517 1
845 2880 1521 504 328 10 54 463 2025 2022 4 2544 2544 1 183 1441 931 2555 2555 1
846 2880 1539 536 289 6 38 472 2075 2070 6 2532 2532 1 184 1427 952 2563 2563 1
847 2880 1543 538 303 7 42 447 2081 2079 3 2562 2562 1 165 1436 961 2562 2562 1
848 2880 1524 528 302 12 58 456 2052 2044 6 2537 2537 1 191 1409 974 2574 2574 1
849 2880 1558 541 299 7 40 435 2099 2092 7 2579 2579 1 173 1468 956 2597 2597 1
850 2880 1560 546 317 6 40 411 2106 2095 9 2596 2596 1 178 1451 981 2610 2610 1
851 2880 1570 541 311 10 46 402 2111 2101 10 2592 2592 1 187 1448 966 2601 2601 1
852 2880 1519 528 348 10 53 422 2047 2036 10 2578 2578 1 181 1456 974 2611 2611 1
853 2880 1511 522 339 3 42 463 2033 2017 13 2543 2543 1 191 1415 989 2595 2595 1
854 2880 1384 502 370 10 53 561 1886 1879 7 2492 2492 1 179 1390 978 2547 2547 1
855 2880 1482 564 298 9 50 477 2046 2041 6 2542 2542 1 184 1374 1012 2570 2570 1
856 2880 1461 628 300 8 34 449 2089 2084 6 2595 2595 1 231 1297 1102 2630 2630 1
857 2880 1554 658 268 3 38 359 2212 2208 5 2658 2658 1 248 1261 1163 2672 2672 1
858 2880 1551 661 277 10 39 342 2212 2210 3 2657 2657 1 271 1251 1159 2681 2681 1
859 2880 1601 689 239 3 30 318 2290 2289 2 2661 2661 1 249 1261 1159 2669 2669 1
860 2880 1542 671 297 2 20 348 2213 2212 2 2673 2673 1 260 1260 1170 2690 2690 1
861 2880 1607 696 242 4 25 306 2303 2298 6 2688 2688 1 252 1260 1189 2701 2701 1
862 2880 1603 713 221 1 36 306 2316 2312 4 2694 2694 1 243 1257 1195 2695 2695 1
863 2880 1595 705 232 3 24 321 2300 2298 3 2680 2680 1 238 1264 1185 2687 2687 1
864 2880 1617 717 236 3 32 275 2334 2332 3 2698 2698 1 249 1258 1207 2714 2714 1
865 2880 1629 722 218 3 23 285 2351 2349 3 2705 2705 1 245 1264 1193 2702 2702 1
866 2880 1609 694 253 3 32 289 2303 2298 6 2674 2674 1 257 1247 1185 2689 2689 1
867 2880 1593 701 258 4 36 288 2294 2292 3 2691 2691 1 244 1252 1205 2701 2701 1
868 2880 1611 708 246 6 31 278 2319 2315 5 2698 2698 1 257 1246 1214 2717 2717 1
869 2880 1628 722 233 8 27 262 2350 2348 3 2693 2693 1 243 1257 1209 2709 2709 1
870 2880 1565 693 288 4 24 306 2258 2255 4 2686 2686 1 256 1223 1227 2706 2706 1
871 2880 1654 752 215 1 17 241 2406 2402 5 2743 2743 1 258 1246 1257 2761 2761 1
872 2880 1652 754 221 1 11 241 2406 2402 5 2755 2755 1 277 1235 1264 2776 2776 1
873 2880 1651 755 235 2 17 220 2406 2395 8 2771 2771 1 275 1243 1266 2784 2784 1
874 2880 1651 773 217 3 22 214 2424 2423 2 2770 2770 1 270 1238 1272 2780 2780 1
875 2880 1655 765 231 5 14 210 2420 2416 4 2764 2764 1 282 1218 1278 2778 2778 1
876 2880 1639 762 242 2 22 213 2401 2399 3 2752 2752 1 269 1241 1265 2775 2775 1
877 2880 1657 767 217 2 17 220 2424 2420 5 2757 2757 1 263 1240 1257 2760 2760 1
878 2880 1628 746 265 2 17 222 2374 2371 3 2749 2749 1 275 1240 1249 2764 2764 1
879 2880 1604 724 284 4 17 247 2328 2324 5 2744 2744 1 275 1242 1242 2759 2759 1
880 2880 1650 763 222 1 15 229 2413 2411 3 2747 2747 1 270 1241 1249 2760 2760 1
881 2880 1655 778 206 5 17 219 2433 2428 5 2758 2758 1 270 1232 1253 2755 2755 1
882 2880 1647 768 222 5 14 224 2415 2407 6 2747 2747 1 265 1235 1247 2747 2747 1
883 2880 1644 765 227 3 20 221 2409 2407 3 2758 2758 1 269 1239 1260 2768 2768 1
884 2880 1616 751 258 3 21 231 2367 2358 8 2739 2739 1 267 1237 1247 2751 2751 1
885 2880 1637 758 221 2 23 239 2395 2393 3 2759 2759 1 265 1245 1241 2751 2751 1
886 2880 1611 763 251 6 28 221 2374 2371 4 2756 2756 1 277 1240 1245 2762 2762 1
887 2880 1512 734 320 4 25 285 2246 2240 5 2741 2741 1 307 1194 1280 2781 2781 1
888 2880 1522 682 344 3 17 312 2204 2194 10 2756 2756 1 283 1212 1306 2801 2801 1
889 2880 1613 765 250 3 14 235 2378 2378 1 2793 2793 1 272 1207 1330 2809 2809 1
890 2880 1679 795 207 3 14 182 2474 2473 2 2818 2818 1 266 1206 1347 2819 2819 1
891 2880 1700 826 189 0 16 149 2526 2526 1 2834 2834 1 271 1201 1370 2842 2842 1
892 2880 1778 853 151 0 11 87 2631 2630 2 2845 2845 1 243 1215 1389 2847 2847 1
893 2880 1765 863 156 0 14 82 2628 2625 4 2840 2840 1 257 1203 1383 2843 2843 1
894 2880 1754 853 171 1 13 88 2607 2607 1 2839 2839 1 258 1203 1383 2844 2844 1
895 2880 1775 880 140 0 4 81 2655 2653 3 2848 2848 1 250 1205 1402 2857 2857 1
896 2880 1780 883 131 0 6 80 2663 2663 1 2852 2852 1 245 1208 1402 2855 2855 1
897 2880 1810 892 106 0 2 70 2702 2702 1 2852 2852 1 244 1208 1404 2856 2856 1
898 2880 1790 868 146 0 6 70 2658 2658 1 2853 2853 1 245 1204 1409 2858 2858 1
899 2880 1740 846 202 0 6 86 2586 2586 1 2851 2851 1 246 1207 1406 2859 2859 1
900 2880 1801 869 129 2 5 74 2670 2670 1 2856 2856 1 238 1214 1409 2861 2861 1
901 2880 1818 888 100 2 3 69 2706 2706 1 2856 2856 1 248 1211 1401 2860 2860 1
902 2880 1802 876 122 1 5 74 2678 2678 1 2856 2856 1 245 1219 1395 2859 2859 1
903 2880 1810 895 104 4 6 61 2705 2705 1 2856 2856 1 246 1212 1401 2859 2859 1
904 2880 1804 878 114 2 5 77 2682 2681 2 2854 2854 1 243 1219 1397 2859 2859 1
905 2880 1799 880 128 1 3 69 2679 2679 1 2857 2857 1 243 1217 1398 2858 2858 1
906 2880 1805 878 112 4 3 78 2683 2683 1 2853 2853 1 245 1219 1393 2857 2857 1
907 2880 1807 873 125 0 3 72 2680 2679 2 2853 2853 1 246 1219 1392 2857 2857 1
908 2880 1816 884 100 1 4 75 2700 2700 1 2853 2853 1 246 1219 1388 2853 2853 1
909 2880 1819 883 96 2 5 75 2702 2702 1 2851 2851 1 246 1218 1389 2853 2853 1
910 2880 1800 841 152 2 5 80 2641 2641 1 2845 2845 1 246 1219 1387 2852 2852 1
911 2880 1791 860 136 1 3 89 2651 2650 2 2852 2852 1 245 1220 1387 2852 2852 1
912 2880 1810 877 108 2 7 76 2687 2687 1 2852 2852 1 246 1224 1385 2855 2855 1
913 2880 1782 847 156 2 7 86 2629 2626 4 2848 2848 1 247 1222 1380 2849 2849 1
914 2880 1802 863 131 0 3 81 2665 2664 2 2842 2842 1 241 1227 1379 2847 2847 1
915 2880 1810 863 111 3 4 89 2673 2673 1 2847 2847 1 239 1221 1387 2847 2847 1
916 2880 1810 849 131 1 6 83 2659 2659 1 2846 2846 1 241 1220 1385 2846 2846 1
917 2880 1807 867 113 1 4 88 2674 2673 2 2848 2848 1 239 1224 1385 2848 2848 1
918 2880 1800 849 134 1 7 89 2649 2649 1 2845 2845 1 241 1220 1384 2845 2845 1
919 2880 1788 857 143 2 2 88 2645 2645 1 2838 2838 1 241 1221 1383 2845 2845 1
920 2880 1792 863 130 1 9 85 2655 2655 1 2844 2844 1 242 1228 1376 2846 2846 1
921 2880 1800 880 110 1 6 83 2680 2680 1 2848 2848 1 239 1222 1387 2848 2848 1
922 2880 1810 831 151 1 9 78 2641 2640 2 2847 2847 1 242 1222 1383 2847 2847 1
923 2880 1796 855 137 0 7 85 2651 2651 1 2842 2842 1 241 1223 1381 2845 2845 1
924 2880 1799 870 121 3 7 80 2669 2668 2 2845 2845 1 241 1221 1383 2845 2845 1
925 2880 1810 880 99 3 9 79 2690 2690 1 2844 2844 1 244 1218 1382 2844 2844 1
926 2880 1801 862 131 1 11 74 2663 2663 1 2843 2843 1 241 1223 1381 2845 2845 1
927 2880 1801 848 139 2 2 88 2649 2649 1 2847 2847 1 242 1221 1384 2847 2847 1
928 2880 1792 868 127 2 6 85 2660 2659 2 2841 2841 1 243 1221 1383 2847 2847 1
929 2880 1792 863 125 0 8 92 2655 2655 1 2842 2842 1 240 1223 1380 2843 2843 1
930 2880 1802 856 124 0 9 89 2658 2657 2 2842 2842 1 240 1221 1383 2844 2844 1
931 2880 1794 879 109 0 8 90 2673 2673 1 2842 2842 1 240 1219 1384 2843 2843 1
932 2880 1795 858 127 1 6 93 2653 2653 1 2843 2843 1 240 1220 1383 2843 2843 1
933 2880 1773 860 145 5 6 91 2633 2633 1 2845 2845 1 242 1221 1383 2846 2846 1
934 2880 1792 857 136 1 9 85 2649 2649 1 2845 2845 1 242 1221 1384 2847 2847 1
935 2880 1786 869 138 1 8 78 2655 2654 2 2855 2855 1 244 1219 1390 2853 2853 1
936 2880 1819 891 87 1 5 77 2710 2710 1 2849 2849 1 240 1219 1393 2852 2852 1
937 2880 1820 879 102 3 2 74 2699 2697 3 2851 2851 1 239 1220 1393 2852 2852 1
938 2880 1814 875 112 2 8 69 2689 2689 1 2845 2845 1 238 1222 1392 2852 2852 1
939 2880 1811 890 103 1 4 71 2701 2701 1 2848 2848 1 238 1219 1396 2853 2853 1
940 2880 1828 894 82 2 5 69 2722 2722 1 2848 2848 1 239 1220 1394 2853 2853 1
941 2880 1823 894 90 3 5 65 2717 2716 2 2851 2851 1 238 1219 1395 2852 2852 1
942 2880 1793 880 121 1 7 78 2673 2672 2 2848 2848 1 239 1220 1392 2851 2851 1
943 2880 1825 899 81 2 4 69 2724 2724 1 2849 2849 1 240 1220 1391 2851 2851 1
944 2880 1802 875 117 3 8 75 2677 2677 1 2862 2862 1 240 1220 1392 2852 2852 1
945 2880 1796 885 114 2 5 78 2681 2680 2 2849 2849 1 240 1219 1393 2852 2852 1
946 2880 1771 866 147 0 8 88 2637 2636 2 2848 2848 1 239 1219 1394 2852 2852 1
947 2880 1802 887 115 3 4 69 2689 2688 2 2852 2852 1 237 1220 1396 2853 2853 1
948 2880 1796 887 108 3 7 79 2683 2682 2 2849 2849 1 240 1219 1393 2852 2852 1
949 2880 1788 865 137 2 7 81 2653 2652 2 2851 2851 1 240 1220 1391 2851 2851 1
950 2880 1805 885 114 1 5 70 2690 2690 1 2850 2850 1 242 1218 1391 2851 2851 1
951 2880 1825 890 90 1 6 68 2715 2714 2 2844 2844 1 239 1218 1390 2847 2847 1
952 2880 1795 877 119 3 4 82 2672 2672 1 2846 2846 1 242 1218 1390 2850 2850 1
953 2880 1771 862 152 2 4 89 2633 2632 2 2849 2849 1 240 1220 1390 2850 2850 1
954 2880 1764 876 157 0 6 77 2640 2640 1 2847 2847 1 240 1220 1393 2853 2853 1
955 2880 1808 886 109 1 7 69 2694 2693 2 2848 2848 1 240 1219 1396 2855 2855 1
956 2880 1828 894 85 2 8 63 2722 2722 1 2850 2850 1 241 1217 1393 2851 2851 1
957 2880 1804 887 111 0 8 70 2691 2690 2 2850 2850 1 240 1220 1391 2851 2851 1
958 2880 1798 885 116 2 3 76 2683 2681 2 2849 2849 1 239 1223 1389 2851 2851 1
959 2880 1800 866 132 1 2 79 2666 2665 2 2848 2848 1 242 1223 1387 2852 2852 1
960 2880 1808 852 135 0 6 79 2660 2659 2 2851 2851 1 240 1222 1390 2852 2852 1
961 2880 1797 869 131 5 4 74 2666 2666 1 2847 2847 1 241 1224 1387 2852 2852 1
962 2880 1802 860 139 2 6 71 2662 2662 1 2851 2851 1 238 1224 1388 2850 2850 1
963 2880 1788 869 139 1 8 75 2657 2655 3 2849 2849 1 238 1224 1390 2852 2852 1
964 2880 1752 856 163 1 6 102 2608 2608 1 2849 2849 1 243 1215 1398 2856 2856 1
965 2880 1822 893 99 1 5 60 2715 2714 2 2857 2857 1 248 1208 1410 2866 2866 1
966 2880 1817 895 99 1 5 63 2712 2712 1 2860 2860 1 242 1216 1405 2863 2863 1
967 2880 1842 911 61 1 3 62 2753 2753 1 2855 2855 1 240 1216 1406 2862 2862 1
968 2880 1836 901 76 1 7 59 2737 2736 2 2854 2854 1 244 1212 1402 2858 2858 1
969 2880 1831 906 68 0 5 70 2737 2736 2 2852 2852 1 238 1216 1402 2856 2856 1
970 2880 1826 890 88 0 9 67 2716 2716 1 2850 2850 1 242 1216 1399 2857 2857 1
971 2880 1818 868 112 2 15 65 2686 2686 1 2844 2844 1 239 1226 1387 2852 2852 1
972 2880 1803 852 139 1 8 77 2655 2655 1 2844 2844 1 241 1221 1391 2853 2853 1
973 2880 1814 896 97 1 8 64 2710 2710 1 2849 2849 1 243 1219 1392 2854 2854 1
974 2880 1821 891 96 0 7 65 2712 2711 2 2850 2850 1 240 1217 1396 2853 2853 1
975 2880 1824 891 94 0 3 68 2715 2714 2 2851 2851 1 241 1219 1395 2855 2855 1
976 2880 1801 890 110 2 4 73 2691 2691 1 2850 2850 1 239 1220 1396 2855 2855 1
977 2880 1828 888 89 0 5 70 2716 2715 2 2851 2851 1 239 1222 1394 2855 2855 1
978 2880 1825 895 84 1 4 71 2720 2720 1 2849 2849 1 240 1218 1396 2854 2854 1
979 2880 1817 840 144 1 10 68 2657 2656 2 2850 2850 1 240 1220 1395 2855 2855 1
980 2880 1791 871 139 1 2 76 2662 2662 1 2856 2856 1 241 1217 1396 2854 2854 1
981 2880 1817 894 100 1 4 64 2711 2710 2 2855 2855 1 240 1219 1396 2855 2855 1
982 2880 1819 889 97 0 6 69 2708 2708 1 2846 2846 1 242 1222 1384 2848 2848 1
983 2880 1807 887 106 1 8 71 2694 2694 1 2850 2850 1 242 1218 1391 2851 2851 1
984 2880 1798 851 141 1 6 83 2649 2649 1 2852 2852 1 242 1218 1392 2852 2852 1
985 2880 1789 859 150 2 8 72 2648 2648 1 2850 2850 1 240 1221 1396 2857 2857 1
986 2880 1796 904 101 0 12 67 2700 2700 1 2851 2851 1 240 1219 1395 2854 2854 1
987 2880 1805 894 101 2 5 73 2699 2699 1 2852 2852 1 241 1218 1396 2855 2855 1
988 2880 1822 906 72 1 5 74 2728 2728 1 2850 2850 1 241 1218 1395 2854 2854 1
989 2880 1827 902 80 2 4 65 2729 2729 1 2845 2845 1 240 1219 1394 2853 2853 1
990 2880 1815 836 149 3 5 72 2651 2651 1 2843 2843 1 242 1220 1392 2854 2854 1
991 2880 1812 853 131 1 4 79 2665 2664 2 2847 2847 1 245 1216 1392 2853 2853 1
992 2880 1802 824 161 4 7 82 2626 2625 2 2846 2846 1 248 1215 1387 2850 2850 1
993 2880 1778 804 192 4 8 94 2582 2582 1 2844 2844 1 243 1220 1382 2845 2845 1
994 2880 1765 845 167 1 11 91 2610 2609 2 2843 2843 1 242 1225 1379 2846 2846 1
995 2880 1758 857 158 1 9 97 2615 2614 2 2848 2848 1 242 1224 1381 2847 2847 1
996 2880 1781 883 128 2 10 76 2664 2663 2 2842 2842 1 240 1224 1382 2846 2846 1
997 2880 1670 821 258 0 6 125 2491 2491 1 2854 2854 1 243 1215 1401 2859 2859 1
998 2880 1765 874 133 2 3 103 2639 2639 1 2863 2863 1 246 1204 1419 2869 2869 1
999 2880 1826 879 109 1 3 62 2705 2704 2 2868 2868 1 242 1212 1417 2871 2871 1
1000 2880 1848 910 74 0 3 45 2758 2758 1 2866 2866 1 244 1210 1418 2872 2872 1
1001 2880 1861 913 64 0 4 38 2774 2774 1 2866 2866 1 243 1212 1415 2870 2870 1
