# data/public-ice/critical/Critical-nucleus_analysis-trajectory/Critical-nucleus-analysis-melting nframes 1001 last 1001 stride 1
# frame nop chill_cubic chill_hex chill_interfacial chill_clathrate chill_interclathrate chill_water chill_ice chill_max chill_clus cut_ice cut_max cut_clus seed_ih seed_ic seed_both seed_ice seed_max seed_clus
1 2880 85 83 161 20 217 2314 168 151 16 418 340 7 81 196 159 436 384 5
2 2880 80 83 195 31 213 2278 163 140 20 375 347 3 72 170 162 404 350 5
3 2880 90 85 189 22 243 2251 175 156 19 411 355 4 85 180 157 422 378 4
4 2880 84 76 171 30 287 2232 160 141 18 370 346 3 52 182 162 396 356 4
5 2880 85 83 162 40 227 2283 168 148 20 387 361 3 70 154 160 384 354 3
6 2880 85 82 188 29 239 2257 167 140 23 395 347 3 97 161 151 409 349 4
7 2880 89 87 168 20 232 2284 176 156 16 395 345 5 112 173 146 431 353 5
8 2880 93 79 175 27 253 2253 172 146 25 402 364 3 85 203 147 435 363 4
9 2880 87 81 166 30 247 2269 168 151 18 416 368 5 86 166 142 394 370 3
10 2880 94 88 187 22 222 2267 182 159 17 399 351 5 52 182 154 388 362 3
11 2880 86 90 182 36 224 2262 176 153 24 379 355 3 87 172 153 412 362 4
12 2880 76 77 165 31 235 2296 153 139 15 436 320 8 125 167 145 437 347 7
13 2880 77 84 148 33 220 2318 161 146 15 428 346 6 94 210 142 446 364 5
14 2880 79 80 165 27 237 2292 159 142 17 382 318 5 75 167 145 387 323 5
15 2880 76 80 180 29 222 2293 156 137 20 334 308 3 51 148 147 346 320 3
16 2880 77 82 195 30 249 2247 159 139 18 397 312 7 60 143 150 353 315 4
17 2880 87 88 192 30 202 2281 175 150 22 398 314 7 119 148 149 416 320 8
18 2880 83 100 196 25 213 2263 183 160 22 411 363 5 114 165 146 425 353 6
19 2880 82 87 172 28 209 2302 169 151 17 447 347 9 95 170 149 414 354 5
20 2880 76 90 207 25 221 2261 166 137 29 388 314 6 117 170 137 424 332 7
21 2880 86 74 176 28 205 2311 160 148 12 369 331 4 66 164 144 374 334 4
22 2880 86 81 182 29 216 2286 167 143 21 383 305 7 56 200 137 393 313 7
23 2880 82 78 187 31 208 2294 160 147 14 387 323 6 62 178 139 379 327 5
24 2880 84 88 163 21 212 2312 172 145 26 402 334 6 73 173 140 386 336 5
25 2880 78 92 204 22 214 2270 170 137 30 351 313 4 46 171 138 355 317 4
26 2880 82 94 204 27 231 2242 176 153 19 378 305 6 86 195 134 415 321 7
27 2880 85 95 219 36 239 2206 180 141 33 446 341 8 110 183 149 442 346 8
28 2880 89 93 221 31 208 2238 182 159 22 424 348 7 106 193 151 450 356 7
29 2880 85 85 197 28 202 2283 170 140 26 392 328 5 112 160 133 405 317 7
30 2880 77 94 180 24 205 2300 171 151 19 408 332 5 85 150 142 377 329 4
31 2880 74 93 184 29 203 2297 167 146 20 439 334 7 114 144 133 391 331 5
32 2880 77 83 183 29 233 2275 160 141 19 375 321 5 76 142 134 352 310 4
33 2880 73 91 210 28 233 2245 164 128 32 436 348 8 124 139 133 396 330 6
34 2880 74 95 196 24 231 2260 169 146 23 424 339 7 103 167 142 412 344 6
35 2880 75 85 149 32 245 2294 160 143 18 386 310 6 100 143 128 371 303 5
36 2880 84 104 201 26 231 2234 188 153 30 354 318 4 84 132 132 348 324 3
37 2880 75 79 191 27 223 2285 154 129 23 367 329 4 78 129 138 345 319 3
38 2880 81 99 179 19 219 2283 180 154 21 381 331 5 116 126 141 383 331 5
39 2880 70 82 163 30 212 2323 152 135 18 379 319 6 87 91 139 317 317 1
40 2880 75 97 177 22 202 2307 172 144 25 388 304 5 130 123 140 393 304 5
41 2880 75 77 195 33 237 2263 152 134 18 345 283 6 108 114 132 354 292 6
42 2880 78 89 173 29 239 2272 167 148 18 364 328 4 95 125 145 365 341 3
43 2880 74 89 181 27 219 2290 163 135 25 330 318 2 97 121 133 351 327 3
44 2880 85 91 179 36 262 2227 176 155 19 337 325 2 100 112 136 348 324 3
45 2880 79 81 172 33 262 2253 160 144 17 367 343 3 107 119 141 367 343 3
46 2880 82 104 200 30 222 2242 186 160 26 369 333 4 144 115 153 412 376 4
47 2880 82 86 162 29 231 2290 168 146 21 400 316 7 107 123 141 371 323 4
48 2880 81 84 177 30 224 2284 165 147 19 392 320 6 110 121 134 365 317 5
49 2880 76 97 148 34 257 2268 173 149 23 335 323 2 90 135 142 367 329 4
50 2880 81 87 155 23 234 2300 168 146 22 335 323 2 80 125 138 343 317 3
51 2880 74 99 187 23 236 2261 173 146 24 373 325 5 85 116 140 341 329 2
52 2880 84 91 147 34 234 2290 175 156 18 317 305 2 73 126 134 333 321 2
53 2880 71 75 156 26 233 2319 146 133 14 317 292 3 58 152 125 335 323 2
54 2880 81 93 166 25 237 2278 174 149 24 337 323 2 62 170 129 361 331 3
55 2880 79 87 160 35 214 2305 166 152 15 318 272 3 41 192 117 350 286 4
56 2880 81 81 145 23 238 2312 162 142 17 366 292 4 58 183 119 360 346 2
57 2880 73 93 181 14 208 2311 166 138 29 360 292 4 103 156 128 387 315 3
58 2880 81 75 179 27 210 2308 156 137 19 363 295 4 55 157 128 340 296 3
59 2880 81 92 196 20 196 2295 173 146 27 364 302 3 46 177 125 348 298 3
60 2880 83 88 192 24 186 2307 171 143 29 368 298 4 74 155 129 358 302 4
61 2880 79 86 195 23 205 2292 165 143 22 380 298 5 65 155 132 352 308 4
62 2880 80 100 155 27 204 2314 180 157 24 364 320 3 53 194 129 376 312 4
63 2880 74 94 225 26 210 2251 168 136 27 371 331 4 43 192 128 363 335 3
64 2880 71 82 207 23 224 2273 153 132 22 391 309 6 53 196 120 369 297 5
65 2880 83 90 168 19 208 2312 173 150 23 440 297 9 80 194 127 401 303 6
66 2880 86 75 182 25 237 2275 161 145 16 373 299 6 51 183 122 356 294 5
67 2880 84 90 177 14 195 2320 174 149 24 349 285 6 75 188 118 381 295 7
68 2880 81 90 222 24 206 2257 171 143 27 435 300 9 75 197 118 390 308 7
69 2880 78 81 202 22 209 2288 159 128 28 419 309 8 81 180 115 376 282 8
70 2880 78 86 198 28 206 2284 164 128 27 415 295 9 133 167 122 422 304 10
71 2880 72 86 171 27 192 2332 158 133 22 404 298 9 130 164 121 415 325 8
72 2880 78 83 188 31 229 2271 161 138 21 483 311 11 183 165 124 472 314 11
73 2880 78 88 181 24 217 2292 166 138 27 462 315 9 169 179 128 476 320 11
74 2880 81 90 211 29 218 2251 171 137 33 427 319 8 149 162 130 441 317 7
75 2880 75 77 201 23 241 2263 152 134 18 375 311 5 116 140 131 387 311 7
76 2880 82 94 184 15 228 2277 176 150 25 409 321 8 128 140 131 399 323 7
77 2880 72 98 168 27 214 2301 170 138 31 388 288 9 128 136 131 395 307 8
78 2880 72 79 185 23 217 2304 151 126 25 402 326 7 128 143 135 406 318 8
79 2880 75 77 198 24 202 2304 152 126 23 446 322 9 148 168 129 445 351 8
80 2880 85 94 182 33 232 2254 179 148 29 453 367 8 160 166 135 461 355 9
81 2880 79 91 190 20 220 2280 170 145 25 423 332 5 155 144 142 441 357 5
82 2880 80 94 200 26 207 2273 174 136 37 374 326 5 126 151 123 400 334 6
83 2880 79 76 204 26 254 2241 155 134 20 393 337 5 128 162 133 423 367 5
84 2880 74 78 213 28 205 2282 152 131 20 382 332 5 110 145 129 384 342 4
85 2880 80 93 221 21 201 2264 173 145 26 454 350 7 123 190 134 447 356 5
86 2880 86 83 224 25 209 2253 169 143 25 424 340 7 113 169 136 418 358 5
87 2880 82 87 202 22 181 2306 169 147 22 408 346 6 104 163 129 396 334 6
88 2880 78 86 207 21 229 2259 164 139 25 416 330 8 116 148 133 397 335 6
89 2880 85 86 191 28 221 2269 171 150 21 386 317 6 121 135 130 386 338 5
90 2880 86 99 206 25 214 2250 185 148 35 386 348 4 121 142 141 404 354 5
91 2880 79 93 215 25 201 2267 172 137 32 393 357 4 138 123 134 395 371 3
92 2880 85 81 233 30 209 2242 166 142 25 387 333 5 115 154 133 402 352 4
93 2880 84 89 221 28 215 2243 173 144 28 433 358 4 136 155 144 435 361 6
94 2880 76 87 211 28 249 2229 163 145 18 424 374 5 140 170 134 444 378 6
95 2880 87 91 236 30 219 2217 178 148 25 446 360 5 159 170 136 465 377 5
96 2880 80 96 250 22 212 2220 176 133 38 437 355 6 134 165 145 444 382 5
97 2880 85 90 204 22 226 2253 175 147 28 440 358 7 134 163 139 436 362 6
98 2880 78 97 221 26 196 2262 175 147 29 424 342 6 96 176 139 411 341 5
99 2880 83 97 249 20 217 2214 180 150 29 425 359 4 114 207 133 454 352 6
100 2880 82 99 228 22 188 2261 181 146 31 426 338 6 105 197 136 438 356 6
101 2880 75 87 201 27 188 2302 162 135 24 424 350 5 100 217 135 452 366 6
102 2880 83 86 196 23 217 2275 169 144 23 393 331 5 111 173 136 420 358 5
103 2880 93 93 232 33 220 2209 186 146 35 442 368 5 133 197 149 479 387 6
104 2880 84 90 219 24 200 2263 174 148 24 446 338 8 138 176 139 453 353 7
105 2880 77 90 203 25 211 2274 167 139 22 417 339 5 114 205 145 464 348 8
106 2880 84 96 255 16 204 2225 180 150 23 444 362 6 113 180 140 433 353 6
107 2880 86 105 232 24 204 2229 191 153 37 468 371 6 135 204 148 487 389 7
108 2880 82 86 201 25 224 2262 168 145 18 450 364 6 106 208 141 455 377 5
109 2880 88 90 230 23 198 2251 178 155 23 473 361 7 115 201 144 460 390 5
110 2880 86 88 234 26 223 2223 174 151 21 482 376 8 141 221 142 504 376 9
111 2880 86 94 221 24 192 2263 180 157 23 571 439 10 199 222 164 585 459 10
112 2880 82 102 239 27 214 2216 184 145 32 447 369 6 123 207 138 468 386 6
113 2880 79 98 223 26 196 2258 177 146 29 472 346 10 135 202 138 475 361 9
114 2880 82 100 226 26 197 2249 182 150 30 417 353 5 120 178 129 427 353 5
115 2880 93 110 238 17 184 2238 203 167 30 471 377 8 109 188 142 439 375 6
116 2880 88 98 226 24 196 2248 186 165 19 413 365 5 120 194 147 461 397 6
117 2880 89 95 219 20 208 2249 184 161 23 455 393 6 111 183 144 438 400 4
118 2880 89 89 210 17 211 2264 178 158 18 373 337 4 123 170 144 437 387 5
119 2880 93 92 221 23 218 2233 185 159 26 465 403 6 111 163 144 418 380 4
120 2880 88 100 239 15 207 2231 188 160 27 497 437 6 151 184 154 489 392 8
121 2880 86 104 204 22 172 2292 190 160 30 482 396 7 127 180 144 451 401 5
122 2880 78 106 201 17 212 2266 184 155 28 466 357 9 129 150 146 425 340 7
123 2880 84 104 230 22 195 2245 188 151 32 420 350 6 131 155 134 420 350 6
124 2880 74 102 248 20 190 2246 176 141 29 386 324 5 131 157 136 424 338 6
125 2880 79 94 220 27 183 2277 173 145 23 416 338 7 130 143 125 398 320 7
126 2880 77 93 228 19 190 2273 170 142 29 435 309 9 172 137 131 440 350 8
127 2880 74 96 244 20 211 2235 170 136 29 440 337 8 149 172 132 453 346 8
128 2880 71 97 245 24 203 2240 168 136 24 396 346 5 136 157 129 422 330 8
129 2880 75 102 231 18 188 2266 177 141 34 423 324 7 127 154 132 413 333 7
130 2880 85 106 240 24 209 2216 191 160 29 450 337 6 136 171 141 448 392 5
131 2880 71 99 222 23 195 2270 170 142 27 444 347 7 160 159 141 460 362 8
132 2880 73 97 270 19 177 2244 170 133 33 449 359 6 167 152 137 456 358 7
133 2880 79 97 244 20 200 2240 176 142 30 458 344 8 165 144 132 441 351 8
134 2880 79 93 216 33 197 2262 172 142 29 433 373 5 139 141 134 414 366 5
135 2880 75 97 230 25 230 2223 172 136 35 422 356 6 141 145 133 419 353 6
136 2880 82 89 206 25 208 2270 171 147 21 421 363 4 159 164 139 462 372 7
137 2880 86 99 214 21 207 2253 185 150 32 432 359 6 125 152 137 414 366 5
138 2880 80 88 206 19 207 2280 168 145 22 415 367 4 116 177 134 427 369 5
139 2880 78 89 234 23 186 2270 167 138 28 425 365 6 120 159 136 415 367 4
140 2880 79 86 213 20 214 2268 165 136 26 434 370 5 123 180 133 436 362 5
141 2880 80 96 212 20 196 2276 176 138 36 400 376 3 111 170 133 414 362 4
142 2880 83 87 212 21 193 2284 170 145 23 406 352 5 108 196 130 434 364 5
143 2880 81 96 211 26 216 2250 177 143 32 432 372 6 125 156 125 406 358 5
144 2880 80 101 212 24 212 2251 181 148 31 424 366 5 165 160 131 456 386 6
145 2880 78 84 233 22 196 2267 162 133 29 403 355 5 154 168 132 454 394 6
146 2880 85 90 209 21 208 2267 175 150 24 442 394 5 140 149 136 425 389 3
147 2880 84 85 218 20 205 2268 169 139 25 451 331 10 150 145 126 421 361 6
148 2880 82 83 218 29 213 2255 165 137 26 464 345 9 116 165 124 405 351 5
149 2880 78 106 230 25 222 2219 184 142 39 427 335 7 175 158 129 462 342 8
150 2880 78 100 228 25 211 2238 178 135 40 375 339 4 105 135 129 369 345 3
151 2880 90 94 212 31 212 2241 184 145 35 360 322 4 105 137 129 371 333 4
152 2880 77 89 206 25 222 2261 166 136 29 387 327 6 95 135 125 355 331 3
153 2880 84 85 203 22 222 2264 169 138 29 356 332 3 98 148 130 376 338 4
154 2880 80 81 186 22 228 2283 161 127 30 335 323 2 81 135 119 335 323 2
155 2880 76 80 208 27 225 2264 156 129 22 367 331 4 84 147 122 353 329 3
156 2880 71 86 209 28 237 2249 157 127 30 378 316 5 116 145 124 385 323 5
157 2880 74 82 206 31 231 2256 156 134 22 344 308 4 116 121 120 357 321 4
158 2880 73 92 250 37 220 2208 165 130 29 392 332 6 120 148 124 392 356 4
159 2880 70 87 244 25 210 2244 157 119 34 368 308 6 104 140 118 362 314 5
160 2880 74 85 211 27 216 2267 159 120 34 384 310 7 128 147 122 397 315 7
161 2880 76 88 190 33 235 2258 164 134 29 359 312 4 131 128 124 383 324 5
162 2880 71 93 216 24 202 2274 164 130 32 405 318 6 141 144 122 407 322 6
163 2880 78 83 224 20 212 2263 161 129 31 413 340 6 129 156 116 401 316 6
164 2880 75 87 233 21 177 2287 162 127 32 396 324 6 121 138 117 376 328 5
165 2880 78 79 226 28 204 2265 157 121 28 410 299 9 138 150 112 400 300 8
166 2880 74 87 206 24 201 2288 161 113 39 387 299 8 121 156 101 378 302 7
167 2880 68 86 220 27 184 2295 154 118 30 408 320 8 165 138 105 408 310 9
168 2880 70 80 215 25 202 2288 150 116 30 355 295 6 109 124 105 338 302 4
169 2880 61 80 209 17 181 2332 141 108 28 421 315 8 135 118 111 364 310 5
170 2880 69 88 198 11 199 2315 157 122 32 354 312 4 119 130 111 360 318 4
171 2880 69 86 236 20 195 2274 155 107 44 344 306 4 86 149 102 337 299 4
172 2880 67 76 217 25 191 2304 143 110 30 372 294 6 115 128 105 348 294 5
173 2880 67 78 232 18 164 2321 145 103 41 349 289 6 109 128 105 342 294 5
174 2880 62 79 219 22 165 2333 141 100 36 374 312 5 119 166 107 392 316 5
175 2880 65 85 218 17 180 2315 150 114 34 364 292 7 109 128 105 342 294 4
176 2880 68 71 218 27 186 2310 139 111 23 378 304 6 147 142 105 394 308 7
177 2880 70 83 220 14 195 2298 153 115 34 373 325 5 144 126 107 377 329 5
178 2880 62 67 205 23 194 2329 129 107 22 367 307 6 135 125 105 365 305 6
179 2880 64 77 211 23 199 2306 141 107 32 356 284 7 157 126 95 378 294 7
180 2880 68 76 219 24 210 2283 144 110 32 347 297 5 103 138 105 346 296 5
181 2880 73 72 211 20 193 2311 145 112 32 356 294 6 117 136 103 356 294 6
182 2880 67 88 192 27 196 2310 155 119 30 343 295 5 98 124 112 334 298 4
183 2880 73 80 210 25 212 2280 153 124 26 369 309 6 115 141 113 369 319 5
184 2880 68 89 230 20 183 2290 157 124 32 377 315 6 118 133 114 365 315 5
185 2880 74 82 216 20 194 2294 156 126 29 309 297 2 82 115 114 311 299 2
186 2880 68 87 217 16 156 2336 155 118 35 322 298 3 94 115 114 323 299 3
187 2880 66 71 223 19 201 2300 137 108 29 369 321 4 140 117 116 373 325 4
188 2880 69 82 244 28 176 2281 151 118 32 377 305 6 132 115 114 361 301 5
189 2880 73 83 216 19 170 2319 156 124 28 392 294 8 152 123 110 385 301 6
190 2880 77 84 185 22 206 2306 161 128 28 358 298 6 116 123 110 349 301 4
191 2880 57 75 239 17 217 2275 132 101 30 355 283 7 128 123 110 361 301 6
192 2880 67 95 233 19 181 2285 162 119 40 433 300 10 145 136 105 386 300 7
193 2880 71 83 182 13 177 2354 154 126 27 376 304 6 154 145 108 407 309 7
194 2880 78 87 214 23 192 2286 165 128 32 407 317 7 116 145 110 371 309 5
195 2880 69 91 214 17 206 2283 160 123 29 389 301 7 128 145 110 383 309 6
196 2880 68 96 209 19 197 2291 164 123 33 357 307 5 104 145 110 359 309 4
197 2880 67 84 214 22 201 2292 151 121 28 415 311 7 160 151 108 419 311 8
198 2880 69 90 212 27 224 2258 159 125 31 375 313 5 118 153 118 389 313 6
199 2880 67 93 220 24 217 2259 160 121 34 403 317 7 136 139 114 389 303 7
200 2880 69 84 221 27 198 2281 153 117 29 403 315 6 123 168 115 406 318 7
201 2880 61 81 204 16 195 2323 142 111 29 372 280 7 125 167 113 405 315 7
202 2880 71 89 207 17 206 2290 160 126 29 400 301 7 118 169 112 399 309 7
203 2880 72 94 212 15 188 2299 166 122 40 433 305 10 140 171 110 421 305 9
204 2880 65 86 203 25 167 2334 151 115 35 341 265 6 82 153 110 345 279 6
205 2880 67 83 198 24 177 2331 150 120 30 400 294 7 114 157 110 381 299 6
206 2880 64 87 207 23 174 2325 151 120 25 383 309 6 135 154 113 402 310 7
207 2880 68 81 232 17 193 2289 149 121 23 412 338 5 152 139 114 405 331 4
208 2880 69 84 227 18 203 2279 153 118 30 414 328 6 164 126 113 403 317 5
209 2880 64 80 215 21 189 2311 144 113 27 395 309 6 134 133 116 383 309 4
210 2880 69 83 223 19 195 2291 152 120 29 353 303 3 134 127 116 377 303 4
211 2880 70 85 219 22 220 2264 155 121 31 378 292 5 146 133 116 395 321 4
212 2880 66 86 256 24 203 2245 152 113 35 377 313 6 128 113 122 363 315 4
213 2880 66 68 223 24 186 2313 134 108 24 379 305 6 172 127 122 421 327 7
214 2880 71 83 244 18 182 2282 154 111 37 425 309 8 184 113 122 419 315 7
215 2880 68 78 196 20 207 2311 146 121 23 334 298 4 133 122 109 364 306 5
216 2880 68 69 200 18 201 2324 137 111 23 345 309 4 146 113 122 381 321 6
217 2880 74 83 208 13 218 2284 157 126 28 396 310 7 153 110 121 384 312 6
218 2880 63 75 228 21 193 2300 138 105 28 387 313 6 140 127 122 389 315 6
219 2880 67 98 234 22 195 2264 165 117 37 396 312 7 158 113 122 393 321 6
220 2880 68 85 203 29 166 2329 153 117 34 389 339 5 142 136 126 404 342 6
221 2880 65 89 241 15 201 2269 154 112 40 398 374 3 168 124 122 414 366 5
222 2880 63 81 218 26 191 2301 144 103 39 405 345 6 148 116 120 384 348 4
223 2880 63 83 198 29 192 2315 146 112 32 403 343 6 160 121 120 401 353 5
224 2880 63 78 224 19 196 2300 141 112 27 387 363 3 135 125 116 376 364 2
225 2880 75 83 236 25 223 2238 158 119 34 371 339 3 142 129 126 397 353 4
226 2880 76 70 192 25 208 2309 146 115 27 406 338 5 154 129 126 409 353 4
227 2880 70 87 214 26 191 2292 157 128 28 359 323 4 136 121 120 377 341 4
228 2880 77 84 211 21 205 2282 161 120 30 409 323 8 172 135 120 427 341 8
229 2880 61 90 231 33 202 2263 151 110 37 341 303 4 112 130 120 362 304 5
230 2880 71 90 216 22 217 2264 161 122 36 351 303 5 104 116 120 340 304 4
231 2880 70 80 204 19 202 2305 150 120 27 340 328 2 92 115 120 327 303 3
232 2880 78 99 236 23 199 2245 177 132 42 352 294 5 112 131 120 363 305 5
233 2880 71 92 247 24 202 2244 163 120 39 419 307 10 128 131 120 379 305 7
234 2880 71 89 214 15 189 2302 160 113 35 384 310 7 132 125 128 385 313 7
235 2880 69 84 223 29 198 2277 153 116 34 356 306 5 107 136 129 372 318 5
236 2880 76 94 232 21 187 2270 170 121 36 381 321 6 103 131 121 355 319 4
237 2880 82 97 207 21 193 2280 179 139 32 405 321 8 109 125 127 361 325 4
238 2880 77 92 209 19 206 2277 169 124 35 370 308 6 103 158 121 382 318 6
239 2880 73 82 223 13 198 2291 155 116 30 359 311 4 98 126 122 346 322 3
240 2880 72 85 212 22 185 2304 157 117 32 407 321 8 133 144 121 398 324 7
241 2880 72 85 237 11 181 2294 157 113 39 423 337 8 112 130 118 360 312 5
242 2880 71 88 232 17 164 2308 159 124 33 379 319 6 138 127 120 385 325 6
243 2880 78 86 244 17 166 2289 164 124 35 371 323 5 123 142 119 384 334 5
244 2880 70 72 212 22 160 2344 142 120 21 356 320 4 102 141 128 371 359 2
245 2880 78 88 236 15 187 2276 166 125 29 374 326 5 140 139 126 405 357 5
246 2880 76 83 256 21 164 2280 159 113 37 357 309 5 138 154 128 420 346 6
247 2880 77 91 251 19 177 2265 168 123 38 462 340 10 138 173 128 439 351 8
248 2880 72 88 266 20 176 2258 160 112 45 401 339 6 109 183 125 417 353 6
249 2880 74 84 241 17 203 2261 158 115 36 371 321 5 138 165 128 431 357 7
250 2880 73 79 200 13 183 2332 152 120 24 407 327 7 120 142 122 384 322 6
251 2880 79 91 242 17 165 2286 170 124 37 382 320 6 118 159 120 397 321 7
252 2880 75 90 246 21 187 2261 165 123 36 362 300 6 109 148 117 374 312 6
253 2880 77 83 229 21 190 2280 160 120 36 403 319 7 101 133 117 351 315 4
254 2880 72 84 230 24 190 2280 156 123 30 401 319 6 132 146 118 396 336 6
255 2880 78 78 242 21 205 2256 156 125 31 366 318 5 104 132 118 354 318 4
256 2880 71 98 227 16 194 2274 169 127 35 394 316 7 140 150 118 408 318 8
257 2880 71 82 232 23 179 2293 153 112 34 359 311 5 116 136 118 370 322 5
258 2880 63 89 229 17 189 2293 152 106 39 380 306 7 122 134 116 372 312 6
259 2880 71 89 234 21 193 2272 160 123 33 349 301 5 99 135 115 349 301 5
260 2880 61 78 256 13 202 2270 139 113 25 391 301 7 134 142 116 392 320 6
261 2880 68 79 227 18 183 2305 147 116 29 445 321 8 146 135 119 400 294 7
262 2880 73 84 255 23 212 2233 157 115 35 392 320 7 138 152 116 406 320 7
263 2880 69 94 238 24 203 2252 163 120 39 459 329 10 136 138 116 390 330 5
264 2880 75 86 257 20 174 2268 161 117 37 356 308 5 151 133 117 401 317 6
265 2880 70 79 223 14 170 2324 149 111 27 382 316 6 109 134 117 360 312 5
266 2880 69 85 230 24 174 2298 154 111 36 371 321 5 97 130 117 344 320 3
267 2880 69 90 250 17 184 2270 159 114 34 320 284 4 91 135 117 343 307 4
268 2880 71 89 230 20 195 2275 160 125 30 369 357 2 100 136 120 356 320 4
269 2880 74 85 245 16 177 2283 159 112 41 359 309 5 108 161 121 390 326 6
270 2880 72 85 255 13 183 2272 157 121 30 332 282 5 86 133 116 335 297 4
271 2880 68 92 199 15 177 2329 160 126 29 351 280 6 105 123 115 343 281 6
272 2880 61 89 219 11 178 2322 150 114 30 329 293 4 105 108 115 328 280 5
273 2880 71 94 231 20 180 2284 165 121 36 415 331 7 132 122 118 372 336 4
274 2880 69 96 225 19 183 2288 165 123 34 373 325 5 119 129 119 367 331 4
275 2880 64 79 212 26 166 2333 143 110 31 356 296 5 131 129 119 379 319 4
276 2880 67 78 228 16 183 2308 145 114 28 382 310 6 84 139 118 341 317 3
277 2880 69 91 247 20 202 2251 160 124 33 387 315 6 108 135 112 355 307 5
278 2880 66 86 222 12 199 2295 152 117 32 325 289 4 104 127 116 347 311 4
279 2880 73 83 215 14 197 2298 156 120 33 370 322 4 86 127 116 329 305 3
280 2880 69 84 224 19 184 2300 153 119 33 328 280 5 75 117 115 307 283 3
281 2880 71 82 196 19 183 2329 153 125 24 332 296 4 72 135 118 325 301 3
282 2880 64 88 211 22 188 2307 152 111 34 331 319 2 72 139 118 329 317 2
283 2880 71 77 232 27 205 2268 148 112 31 366 316 5 78 134 118 330 306 3
284 2880 69 86 240 18 183 2284 155 107 39 318 294 3 63 128 115 306 294 2
285 2880 67 76 211 34 189 2303 143 110 31 359 323 4 90 130 118 338 326 2
286 2880 69 91 204 21 202 2293 160 119 36 335 311 3 97 129 123 349 337 2
287 2880 76 87 222 26 181 2288 163 122 34 358 320 4 81 142 129 352 326 3
288 2880 59 79 206 32 196 2308 138 100 30 362 326 2 116 133 114 363 327 2
289 2880 68 82 211 14 185 2320 150 114 32 346 310 3 87 136 115 338 314 2
290 2880 65 93 235 21 196 2270 158 120 30 345 289 4 95 135 121 351 339 2
291 2880 65 81 224 20 169 2321 146 111 29 334 312 2 95 133 127 355 355 1
292 2880 64 75 226 17 181 2317 139 104 30 365 353 2 101 126 127 354 342 2
293 2880 66 84 216 29 195 2290 150 117 28 315 303 2 94 125 120 339 327 2
294 2880 55 78 250 22 163 2312 133 113 17 321 285 3 73 127 115 315 291 2
295 2880 56 75 229 26 212 2282 131 92 33 327 303 2 83 120 115 318 306 2
296 2880 61 69 217 25 189 2319 130 101 25 325 313 2 95 115 123 333 321 2
297 2880 53 86 218 17 203 2303 139 103 27 373 331 4 103 140 123 366 336 3
298 2880 61 76 207 31 182 2323 137 105 30 347 305 4 71 140 123 334 304 3
299 2880 67 81 208 26 203 2295 148 116 27 312 288 3 86 122 124 332 308 3
300 2880 52 67 223 21 216 2301 119 83 32 319 289 3 70 141 112 323 297 3
301 2880 59 74 221 27 216 2283 133 103 26 296 272 3 79 123 113 315 291 3
302 2880 50 75 200 21 206 2328 125 90 31 311 263 5 73 116 109 298 274 3
303 2880 54 74 204 24 202 2322 128 97 29 279 267 2 82 119 112 313 277 4
304 2880 56 83 218 19 209 2295 139 103 32 328 292 4 91 131 113 335 299 4
305 2880 62 79 238 16 206 2279 141 111 25 367 343 3 101 131 123 355 331 3
306 2880 58 75 222 26 197 2302 133 97 32 321 285 4 98 125 110 333 297 4
307 2880 64 84 246 26 188 2272 148 107 37 327 291 4 89 107 121 317 305 2
308 2880 53 74 242 21 189 2301 127 88 30 376 316 6 111 107 115 333 297 4
309 2880 67 93 236 25 207 2252 160 127 28 343 307 4 98 117 124 339 315 3
310 2880 64 83 249 27 192 2265 147 106 30 373 325 5 91 123 121 335 311 3
311 2880 63 90 208 21 189 2309 153 118 31 357 309 4 122 116 124 362 314 4
312 2880 72 91 224 30 199 2264 163 125 34 355 319 4 118 116 128 362 326 4
313 2880 69 87 231 21 197 2275 156 129 22 387 349 4 107 123 125 355 343 2
314 2880 64 101 227 22 186 2280 165 121 34 340 328 2 86 135 124 345 319 3
315 2880 71 86 248 19 202 2254 157 117 35 358 312 4 109 124 125 358 322 4
316 2880 66 97 264 28 173 2252 163 120 37 382 322 6 130 135 128 393 322 6
317 2880 69 82 218 21 174 2316 151 112 33 424 341 7 142 135 128 405 322 7
318 2880 64 91 259 18 180 2268 155 115 33 410 312 9 146 128 124 398 338 6
319 2880 68 86 242 30 190 2264 154 111 38 408 336 7 157 131 125 413 341 7
320 2880 73 93 246 21 172 2275 166 129 30 443 335 10 194 125 123 442 358 8
321 2880 74 83 246 15 196 2266 157 116 32 397 349 5 140 135 125 400 352 5
322 2880 72 88 230 20 185 2285 160 124 33 384 340 4 138 142 136 416 360 5
323 2880 64 75 234 21 175 2311 139 114 24 411 343 6 144 142 132 418 370 5
324 2880 68 84 229 20 183 2296 152 119 25 395 359 4 171 115 137 423 363 6
325 2880 72 89 225 18 204 2272 161 121 35 476 380 9 199 128 133 460 376 8
326 2880 58 90 225 26 206 2275 148 112 31 417 302 8 158 116 130 404 301 7
327 2880 68 88 236 22 208 2258 156 118 33 420 292 9 166 123 130 419 345 7
328 2880 62 82 221 17 214 2284 144 107 30 366 287 5 156 110 118 384 293 6
329 2880 73 86 225 16 194 2286 159 123 33 392 324 6 164 110 132 406 340 5
330 2880 66 89 214 14 202 2295 155 122 30 472 400 7 174 138 134 446 398 5
331 2880 55 78 233 26 193 2295 133 100 32 363 291 7 143 123 127 393 314 6
332 2880 72 72 237 18 178 2303 144 118 25 395 359 4 156 124 128 408 360 5
333 2880 72 78 242 15 182 2291 150 111 34 416 356 6 135 127 125 387 363 3
334 2880 66 74 219 17 223 2281 140 109 27 405 357 5 179 122 126 427 380 4
335 2880 65 80 211 14 183 2327 145 112 26 372 324 5 138 126 124 388 340 5
336 2880 55 82 227 20 184 2312 137 100 36 390 328 6 127 144 111 382 332 5
337 2880 61 77 231 19 185 2307 138 97 36 423 345 7 141 134 115 390 336 5
338 2880 59 69 221 25 196 2310 128 103 24 391 331 6 152 152 118 422 362 6
339 2880 66 80 216 34 189 2295 146 111 31 381 333 5 167 143 119 429 357 7
340 2880 62 92 199 27 180 2320 154 114 34 393 323 6 173 148 119 440 356 8
341 2880 57 73 230 21 185 2314 130 102 23 420 360 6 176 136 122 434 362 7
342 2880 64 74 218 20 190 2314 138 112 23 405 345 6 159 137 121 417 345 7
343 2880 69 91 215 13 198 2294 160 122 33 398 338 6 134 148 124 406 358 5
344 2880 61 80 232 18 184 2305 141 108 27 423 300 10 166 148 120 434 350 8
345 2880 65 86 199 28 182 2320 151 117 32 405 304 7 132 154 114 400 299 7
346 2880 62 79 195 21 179 2344 141 107 30 384 301 6 128 155 114 397 302 7
347 2880 59 85 211 20 199 2306 144 118 27 356 284 7 111 141 115 367 296 5
348 2880 67 75 223 21 198 2296 142 116 23 370 293 6 95 170 117 382 305 6
349 2880 56 79 202 25 220 2298 135 102 30 399 310 7 95 160 117 372 295 6
350 2880 58 84 195 21 201 2321 142 109 31 418 329 7 143 170 117 430 329 8
351 2880 61 87 231 31 193 2277 148 109 32 410 302 8 123 170 121 414 305 8
352 2880 63 84 209 25 193 2306 147 111 29 426 317 8 151 164 126 441 320 9
353 2880 63 77 221 20 204 2295 140 112 25 414 309 8 123 185 121 429 320 8
354 2880 65 84 233 27 199 2272 149 109 33 368 295 5 129 166 121 416 307 8
355 2880 57 100 219 18 209 2277 157 113 40 465 307 12 147 165 123 435 314 9
356 2880 63 87 215 26 198 2291 150 118 28 455 334 9 159 175 125 459 338 8
357 2880 66 84 220 18 196 2296 150 118 28 440 323 8 149 158 123 430 313 8
358 2880 66 89 218 16 200 2291 155 121 27 483 383 7 170 151 126 447 357 7
359 2880 62 96 219 17 195 2291 158 116 38 398 305 7 145 140 119 404 313 7
360 2880 62 87 203 13 215 2300 149 115 30 418 344 5 137 152 130 419 357 6
361 2880 60 89 245 22 209 2255 149 108 33 410 299 9 148 165 126 439 319 9
362 2880 55 90 238 10 217 2270 145 107 29 420 268 10 170 156 124 450 309 9
363 2880 67 90 211 18 191 2303 157 115 37 390 298 7 128 145 124 397 298 7
364 2880 63 88 227 18 199 2285 151 106 41 386 294 6 134 133 114 381 290 7
365 2880 59 102 237 18 212 2252 161 104 49 366 330 4 148 146 122 416 344 7
366 2880 58 81 255 30 176 2280 139 99 36 400 265 9 169 120 115 404 269 9
367 2880 60 85 228 18 208 2281 145 108 29 378 259 8 116 144 126 386 270 6
368 2880 55 92 247 25 183 2278 147 97 39 386 264 8 131 139 121 391 261 8
369 2880 53 89 220 18 193 2307 142 101 34 406 272 10 161 117 117 395 273 9
370 2880 53 83 200 19 169 2356 136 97 34 386 268 10 126 149 120 395 270 9
371 2880 58 87 234 22 197 2282 145 105 39 367 266 7 150 141 118 409 270 9
372 2880 55 85 239 29 190 2282 140 106 32 343 272 5 114 160 110 384 275 8
373 2880 57 83 272 22 180 2266 140 93 42 442 272 11 142 176 116 434 282 9
374 2880 59 77 206 28 202 2308 136 98 35 324 240 8 102 127 110 339 255 6
375 2880 63 93 260 22 202 2240 156 109 42 410 266 9 144 148 110 402 272 8
376 2880 59 68 239 24 208 2282 127 93 31 364 264 7 156 133 110 399 261 7
377 2880 61 84 256 20 181 2278 145 103 35 392 258 8 144 133 110 387 261 7
378 2880 51 82 226 21 192 2308 133 94 36 350 246 9 138 116 104 358 240 7
379 2880 47 75 246 15 198 2299 122 87 36 326 240 6 132 131 98 361 243 8
380 2880 42 64 237 19 177 2341 106 81 25 366 240 9 164 140 92 396 240 7
381 2880 50 72 253 15 195 2295 122 92 29 408 268 8 153 154 101 408 267 8
382 2880 54 81 228 22 179 2316 135 101 30 313 249 5 105 140 101 346 257 6
383 2880 54 77 242 24 187 2296 131 88 41 332 257 6 101 146 97 344 267 6
384 2880 52 77 242 21 204 2284 129 95 30 385 260 10 116 150 94 360 244 10
385 2880 56 85 236 21 165 2317 141 101 33 406 259 9 165 130 114 409 309 9
386 2880 58 77 225 18 193 2309 135 100 33 418 249 11 158 133 112 403 246 10
387 2880 56 84 263 21 177 2279 140 102 35 425 269 10 158 136 112 406 246 11
388 2880 56 91 251 17 182 2283 147 107 38 360 262 6 134 126 112 372 250 8
389 2880 56 78 247 18 186 2295 134 111 24 374 290 8 149 113 105 367 307 6
390 2880 54 87 236 20 173 2310 141 103 36 387 251 9 188 132 114 434 311 9
391 2880 50 85 238 17 176 2314 135 95 39 382 275 8 175 126 112 413 285 8
392 2880 59 74 226 23 190 2308 133 95 38 401 257 9 174 126 99 399 281 7
393 2880 59 87 252 18 179 2285 146 104 39 395 307 6 160 142 107 409 307 7
394 2880 55 75 215 20 184 2331 130 100 29 402 314 8 136 148 98 382 307 6
395 2880 56 87 229 22 179 2307 143 111 31 386 287 8 136 151 98 385 310 6
396 2880 53 76 223 12 188 2328 129 98 29 360 252 8 103 115 101 319 255 6
397 2880 60 86 239 18 188 2289 146 109 35 364 257 6 107 153 107 367 260 6
398 2880 58 79 231 13 203 2296 137 106 31 368 259 5 126 158 107 391 267 7
399 2880 49 83 240 24 190 2294 132 93 33 416 255 9 169 143 100 412 317 7
400 2880 46 77 231 17 215 2294 123 84 32 390 304 5 133 170 100 403 318 5
401 2880 49 66 212 21 179 2353 115 84 25 361 272 6 145 130 98 373 276 7
402 2880 40 73 257 21 196 2293 113 76 32 387 283 6 137 160 106 403 287 7
403 2880 48 66 223 34 183 2326 114 80 31 368 251 9 145 144 88 377 258 8
404 2880 44 67 214 20 175 2360 111 75 30 372 277 8 153 116 81 350 270 6
405 2880 43 74 247 13 187 2316 117 81 34 381 277 8 181 120 91 392 277 8
406 2880 42 96 249 20 220 2253 138 82 52 347 288 4 136 127 84 347 288 4
407 2880 45 67 256 15 199 2298 112 67 39 348 277 5 164 137 72 373 304 6
408 2880 44 68 273 21 202 2272 112 62 44 388 305 7 185 147 85 417 326 7
409 2880 43 85 261 27 189 2275 128 78 49 391 277 7 167 125 106 398 284 7
410 2880 51 78 247 20 175 2309 129 90 39 415 300 8 206 140 104 450 299 8
411 2880 42 82 253 24 197 2282 124 86 36 382 282 9 124 140 99 363 287 7
412 2880 41 77 230 19 193 2320 118 64 45 415 263 8 207 121 105 433 286 10
413 2880 50 83 241 29 182 2295 133 98 34 430 281 9 171 149 111 431 276 9
414 2880 47 83 251 19 206 2274 130 95 31 455 328 6 191 146 110 447 292 7
415 2880 53 90 233 23 195 2286 143 107 32 409 320 6 178 145 113 436 339 6
416 2880 44 84 261 20 182 2289 128 92 31 444 313 7 206 143 106 455 347 6
417 2880 44 77 280 20 166 2293 121 87 34 420 279 10 186 139 109 434 305 8
418 2880 47 85 290 16 151 2291 132 96 36 459 294 9 193 143 109 445 310 7
419 2880 37 100 268 23 190 2262 137 81 43 399 244 7 192 127 106 425 262 8
420 2880 49 96 269 20 180 2266 145 91 42 432 297 8 200 130 106 436 281 8
421 2880 47 84 247 10 190 2302 131 86 38 426 265 9 204 129 108 441 268 9
422 2880 47 90 242 15 199 2287 137 94 37 432 249 9 203 127 115 445 250 9
423 2880 47 76 249 24 179 2305 123 77 41 392 242 7 175 125 115 415 274 5
424 2880 48 93 227 24 203 2285 141 98 41 355 250 5 165 112 113 390 247 6
425 2880 48 86 238 21 195 2292 134 96 37 445 279 8 180 138 103 421 271 6
426 2880 47 96 231 17 196 2293 143 87 47 394 239 8 171 118 107 396 241 8
427 2880 50 86 226 24 170 2324 136 86 42 416 245 7 165 138 101 404 245 7
428 2880 49 79 253 18 183 2298 128 88 36 406 269 7 163 129 111 403 260 8
429 2880 51 84 268 25 189 2263 135 91 42 418 269 7 195 135 120 450 289 7
430 2880 52 85 275 27 174 2267 137 101 31 412 267 6 150 150 121 421 264 6
431 2880 49 86 257 20 211 2257 135 93 40 418 274 7 166 140 115 421 290 7
432 2880 52 76 220 26 206 2300 128 85 37 438 282 8 168 135 109 412 294 6
433 2880 42 77 257 20 177 2307 119 80 36 393 256 6 197 129 106 432 270 8
434 2880 47 67 221 23 194 2328 114 84 29 423 250 8 175 105 112 392 256 6
435 2880 35 70 228 23 187 2337 105 73 29 360 269 6 143 95 111 349 260 5
436 2880 43 76 254 21 163 2323 119 79 37 346 253 5 157 73 107 337 266 4
437 2880 37 68 227 18 181 2349 105 76 27 341 232 7 162 80 102 344 235 7
438 2880 31 76 229 27 190 2327 107 75 31 361 260 7 173 87 107 367 260 7
439 2880 42 82 204 13 167 2372 124 81 41 328 225 6 158 90 108 356 255 7
440 2880 38 59 191 18 184 2390 97 63 32 335 242 7 152 69 88 309 230 6
441 2880 35 59 211 14 204 2357 94 63 27 313 225 7 136 97 96 329 231 8
442 2880 40 80 227 13 185 2335 120 79 39 339 235 8 142 83 86 311 227 7
443 2880 33 68 201 12 207 2359 101 63 33 311 222 7 152 84 84 320 217 8
444 2880 35 60 212 17 192 2364 95 68 26 332 226 9 132 82 87 301 231 6
445 2880 39 81 209 23 203 2325 120 79 32 323 255 5 130 92 89 311 255 4
446 2880 41 76 203 32 172 2356 117 84 31 324 260 5 139 89 98 326 264 4
447 2880 35 63 207 23 215 2337 98 72 25 338 270 6 145 79 102 326 270 5
448 2880 37 68 187 20 199 2369 105 67 33 303 223 6 164 91 111 366 288 6
449 2880 43 72 234 13 196 2322 115 74 38 324 228 8 123 86 105 314 266 5
450 2880 47 81 204 19 208 2321 128 78 44 379 299 6 131 83 105 319 263 5
451 2880 36 74 248 19 199 2304 110 77 31 369 275 8 154 121 111 386 304 7
452 2880 40 75 243 15 196 2311 115 73 39 375 281 8 149 102 111 362 280 7
453 2880 39 67 228 21 192 2333 106 78 27 334 252 6 151 82 109 342 248 7
454 2880 42 79 221 24 185 2329 121 84 29 342 237 8 150 109 110 369 254 7
455 2880 37 65 203 20 214 2341 102 69 29 369 242 9 170 87 104 361 246 9
456 2880 44 74 221 28 193 2320 118 76 39 346 254 8 176 72 95 343 230 9
457 2880 41 70 220 33 200 2316 111 80 31 299 232 5 134 85 102 321 242 6
458 2880 40 78 220 23 215 2304 118 83 33 324 233 7 155 80 111 346 255 7
459 2880 43 77 224 32 204 2300 120 74 46 348 236 6 152 86 101 339 239 6
460 2880 49 74 231 16 215 2295 123 86 34 359 242 9 155 85 102 342 242 7
461 2880 42 74 233 22 192 2317 116 80 33 294 227 5 164 91 97 352 252 7
462 2880 42 73 216 21 186 2342 115 76 35 337 260 6 151 88 86 325 225 7
463 2880 36 76 229 23 214 2302 112 70 39 334 246 5 150 105 93 348 248 6
464 2880 45 73 187 20 187 2368 118 76 39 333 257 5 163 96 99 358 270 6
465 2880 42 69 232 20 202 2315 111 75 32 353 219 6 153 125 104 382 260 6
466 2880 46 63 233 19 216 2303 109 70 37 347 246 6 133 111 102 346 238 6
467 2880 41 78 210 23 215 2313 119 80 39 379 238 8 203 99 113 415 263 9
468 2880 38 68 226 23 206 2319 106 72 31 367 250 7 179 118 104 401 261 7
469 2880 36 68 224 22 217 2313 104 59 40 342 223 6 176 129 97 402 250 8
470 2880 41 61 214 24 196 2344 102 76 21 331 235 5 147 109 114 370 262 5
471 2880 47 78 220 18 223 2294 125 75 44 371 250 8 122 112 114 348 265 4
472 2880 43 76 219 17 212 2313 119 72 42 364 261 6 140 131 113 384 269 6
473 2880 34 71 248 17 227 2283 105 69 33 373 267 7 152 131 113 396 269 7
474 2880 39 77 199 22 206 2337 116 71 40 357 217 8 175 112 117 404 256 9
475 2880 37 82 235 14 197 2315 119 72 42 381 267 8 153 103 123 379 301 5
476 2880 37 69 232 32 189 2321 106 65 37 316 252 5 121 121 97 339 275 5
477 2880 40 85 265 31 214 2245 125 79 40 380 261 8 132 117 109 358 263 6
478 2880 35 67 242 29 206 2301 102 66 32 325 243 6 134 112 98 344 206 8
479 2880 43 74 211 34 170 2348 117 78 32 309 206 7 115 105 93 313 210 7
480 2880 43 65 197 18 197 2360 108 71 35 316 198 7 134 98 98 330 206 7
481 2880 44 66 221 27 244 2278 110 65 41 353 278 7 132 106 96 334 260 7
482 2880 33 58 241 22 198 2328 91 50 39 358 264 6 145 117 101 363 277 6
483 2880 41 76 222 20 200 2321 117 70 43 369 287 6 138 129 102 369 275 7
484 2880 42 69 203 16 219 2331 111 65 37 345 277 6 114 95 102 311 255 5
485 2880 31 61 218 19 197 2354 92 60 29 351 265 7 120 129 102 351 267 7
486 2880 37 79 215 14 185 2350 116 66 43 366 296 6 129 118 105 352 296 5
487 2880 40 73 215 24 196 2332 113 75 28 351 232 8 127 122 101 350 218 8
488 2880 39 73 230 28 237 2273 112 77 35 373 213 9 115 139 101 355 233 7
489 2880 41 75 245 22 228 2269 116 72 32 326 205 8 118 132 98 348 227 7
490 2880 33 67 231 16 196 2337 100 66 31 378 203 12 118 150 98 366 219 9
491 2880 38 77 229 22 201 2313 115 64 41 394 259 9 106 143 98 347 226 6
492 2880 39 67 201 20 191 2362 106 66 35 362 229 8 127 126 101 354 233 7
493 2880 38 76 214 19 205 2328 114 69 39 341 190 7 118 113 98 329 200 7
494 2880 35 63 206 28 214 2334 98 58 33 294 195 6 100 122 92 314 203 6
495 2880 33 65 246 27 183 2326 98 64 32 328 213 8 127 118 101 346 216 6
496 2880 40 57 190 22 198 2373 97 61 31 321 194 7 130 96 98 324 197 7
497 2880 36 72 207 16 199 2350 108 59 44 313 193 8 109 106 95 310 190 8
498 2880 32 67 216 16 206 2343 99 62 36 344 187 10 127 92 95 314 187 8
499 2880 29 61 255 26 194 2315 90 53 31 352 206 9 147 95 92 334 183 10
500 2880 37 66 207 39 211 2320 103 68 33 318 191 8 130 104 94 328 194 8
501 2880 32 67 195 21 202 2363 99 64 31 333 210 8 182 80 84 346 212 8
502 2880 38 61 182 30 230 2339 99 70 29 329 193 8 146 90 93 329 205 7
503 2880 35 69 232 22 192 2330 104 63 35 329 183 9 140 109 91 340 198 7
504 2880 29 57 188 24 199 2383 86 62 21 293 198 6 137 113 94 344 217 7
505 2880 33 71 204 26 206 2340 104 67 33 356 209 8 151 90 88 329 194 8
506 2880 28 64 162 29 196 2401 92 58 31 371 216 10 145 89 86 320 209 7
507 2880 38 67 183 28 202 2362 105 70 31 355 185 8 140 107 82 329 194 8
508 2880 34 62 188 27 215 2354 96 68 26 263 180 6 102 97 81 280 183 6
509 2880 33 60 180 36 229 2342 93 64 29 255 187 6 99 80 80 259 179 6
510 2880 28 53 169 23 187 2420 81 68 14 231 175 4 85 68 86 239 183 4
511 2880 31 62 160 28 219 2380 93 66 26 251 183 5 93 68 86 247 179 5
512 2880 34 62 233 21 220 2310 96 51 42 249 181 5 103 72 86 261 183 5
513 2880 34 60 209 21 193 2363 94 64 28 276 190 5 96 69 89 254 180 4
514 2880 32 65 200 20 201 2362 97 66 31 259 173 5 97 82 86 265 179 5
515 2880 31 62 192 21 221 2353 93 58 32 285 189 8 118 58 81 257 189 6
516 2880 26 61 196 22 226 2349 87 57 30 266 184 6 118 62 81 261 193 6
517 2880 22 55 161 19 215 2408 77 54 21 235 179 5 130 61 81 272 192 7
518 2880 31 59 149 18 208 2415 90 61 25 270 178 8 130 62 81 273 193 7
519 2880 33 62 146 27 202 2410 95 69 26 303 187 10 148 74 81 303 211 8
520 2880 26 53 185 25 196 2395 79 53 24 236 180 5 108 61 81 250 182 6
521 2880 26 49 149 21 233 2402 75 44 27 246 178 6 123 67 84 274 194 7
522 2880 19 56 168 26 243 2368 75 46 28 251 171 7 111 68 84 263 195 6
523 2880 27 57 174 24 177 2421 84 57 26 295 201 8 105 68 84 257 189 6
524 2880 23 62 162 21 210 2402 85 55 28 272 168 7 107 50 84 241 173 6
525 2880 21 56 169 22 215 2397 77 44 31 305 163 10 151 65 74 290 160 10
526 2880 31 49 187 23 218 2372 80 52 23 228 162 5 107 55 71 233 165 6
527 2880 28 51 171 36 231 2363 79 49 29 260 178 7 103 78 81 262 180 7
528 2880 27 50 174 25 240 2364 77 49 27 277 169 9 99 76 78 253 169 7
529 2880 22 59 166 31 219 2383 81 48 30 285 203 7 129 67 76 272 190 7
530 2880 24 47 176 30 215 2388 71 47 23 256 178 6 131 64 77 272 178 7
531 2880 19 42 157 29 213 2420 61 37 23 249 165 6 105 62 64 231 167 6
532 2880 24 48 143 24 190 2451 72 40 27 251 177 7 120 75 67 262 178 6
533 2880 24 56 164 22 223 2391 80 45 33 293 171 10 149 68 66 283 173 9
534 2880 26 54 144 18 215 2423 80 58 21 305 185 10 115 54 66 235 173 6
535 2880 28 55 183 26 211 2377 83 38 40 255 181 7 111 79 66 256 194 6
536 2880 25 54 160 25 217 2399 79 38 34 214 158 5 106 65 69 240 172 6
537 2880 23 52 172 24 210 2399 75 38 27 301 179 10 124 72 66 262 176 8
538 2880 27 63 180 20 200 2390 90 48 34 270 187 7 118 65 69 252 181 6
539 2880 30 55 172 24 222 2377 85 57 26 252 178 7 118 68 66 252 178 6
540 2880 21 63 196 36 176 2388 84 48 32 284 186 9 142 70 72 284 182 8
541 2880 23 58 204 19 205 2371 81 40 38 263 171 8 130 62 72 264 172 8
542 2880 26 58 215 30 194 2357 84 38 34 250 163 8 124 53 66 243 171 7
543 2880 28 57 190 25 195 2385 85 52 28 263 207 5 98 77 68 243 181 6
544 2880 30 55 211 16 216 2352 85 45 39 268 176 7 148 81 78 307 203 8
545 2880 30 56 211 18 216 2349 86 47 32 295 195 8 124 71 74 269 181 7
546 2880 33 51 211 24 214 2347 84 39 37 257 201 5 125 61 76 262 182 7
547 2880 26 55 204 32 207 2356 81 35 36 325 189 11 145 84 76 305 197 8
548 2880 29 48 176 24 188 2415 77 43 27 233 148 6 99 114 70 283 180 6
549 2880 25 53 192 30 194 2386 78 39 35 227 157 6 90 81 55 226 158 6
550 2880 27 54 222 25 214 2338 81 33 40 286 154 9 134 85 55 274 154 8
551 2880 25 55 193 22 217 2368 80 52 28 266 174 7 121 68 65 254 174 6
552 2880 27 54 170 21 205 2403 81 49 26 236 169 4 125 77 73 275 173 5
553 2880 29 58 197 31 213 2352 87 60 27 228 180 5 99 70 67 236 180 5
554 2880 29 49 180 30 214 2378 78 52 26 268 182 6 107 73 67 247 187 6
555 2880 31 46 180 29 233 2361 77 43 32 286 224 6 111 97 63 271 209 6
556 2880 31 65 182 27 215 2360 96 47 38 292 236 5 104 96 76 276 220 5
557 2880 33 65 185 17 212 2368 98 63 33 313 178 8 133 64 80 277 168 7
558 2880 27 58 203 24 219 2349 85 49 31 305 157 9 145 84 74 303 167 8
559 2880 21 60 180 26 218 2375 81 51 29 320 172 8 133 96 86 315 171 8
560 2880 28 64 202 25 176 2385 92 55 32 306 168 9 124 96 72 292 169 9
561 2880 30 67 184 28 212 2359 97 60 32 291 175 8 107 130 77 314 175 10
562 2880 30 66 201 20 208 2355 96 58 35 284 187 7 82 109 81 272 175 7
563 2880 25 66 203 31 208 2347 91 49 37 311 167 11 110 92 77 279 171 8
564 2880 26 62 216 21 205 2350 88 36 37 256 160 8 102 73 79 254 170 7
565 2880 29 65 197 30 203 2356 94 48 42 271 175 8 87 99 76 262 170 7
566 2880 38 67 211 20 203 2341 105 66 32 346 190 10 103 106 71 280 182 7
567 2880 30 54 184 30 199 2383 84 41 34 305 177 9 133 94 79 306 190 8
568 2880 38 55 189 26 239 2333 93 53 37 303 169 9 118 103 74 295 169 8
569 2880 30 71 219 25 203 2332 101 51 42 293 171 7 130 82 87 299 177 7
570 2880 34 61 204 31 208 2342 95 51 35 266 174 8 154 70 75 299 181 9
571 2880 33 61 194 29 232 2331 94 69 22 323 173 10 166 82 63 311 175 10
572 2880 33 59 193 18 199 2378 92 58 26 330 180 10 168 96 63 327 177 10
573 2880 28 53 174 20 194 2411 81 48 29 325 187 9 153 109 60 322 184 9
574 2880 34 60 181 20 220 2365 94 59 30 315 187 7 130 88 75 293 187 6
575 2880 33 66 186 27 207 2361 99 54 40 296 188 7 117 113 78 308 189 7
576 2880 29 58 193 36 203 2361 87 47 30 283 173 7 135 102 82 319 184 8
577 2880 29 59 212 24 211 2345 88 58 28 344 186 10 166 96 81 343 188 9
578 2880 40 77 221 14 235 2293 117 64 45 326 176 9 175 95 72 342 182 9
579 2880 25 59 194 17 192 2393 84 42 38 324 174 10 147 109 72 328 178 10
580 2880 28 62 203 23 198 2366 90 54 34 350 191 9 176 133 75 384 211 10
581 2880 29 63 217 18 206 2347 92 50 38 354 214 10 163 114 84 361 210 8
582 2880 34 62 211 17 184 2372 96 53 39 303 200 7 133 89 81 303 202 5
583 2880 27 81 243 22 185 2322 108 36 51 285 184 6 126 89 81 296 183 6
584 2880 29 76 230 20 236 2289 105 55 46 320 171 9 157 77 78 312 175 7
585 2880 30 60 189 23 190 2388 90 53 33 331 196 7 166 89 81 336 199 7
586 2880 34 65 227 20 193 2341 99 58 30 322 191 7 154 89 81 324 199 7
587 2880 30 57 224 15 200 2354 87 36 40 313 185 7 154 94 79 327 211 7
588 2880 33 59 215 24 203 2346 92 48 37 317 169 9 133 91 76 300 188 7
589 2880 33 65 167 28 225 2362 98 54 33 263 177 6 103 109 82 294 194 6
590 2880 27 61 168 25 215 2384 88 59 28 237 159 6 98 66 75 239 165 5
591 2880 29 58 185 33 200 2375 87 46 31 251 165 6 110 66 75 251 165 6
592 2880 28 53 200 13 195 2391 81 40 33 293 168 7 130 89 75 294 169 7
593 2880 31 55 188 20 214 2372 86 51 35 268 168 8 115 36 69 220 160 5
594 2880 25 63 205 13 212 2362 88 53 32 261 165 6 108 95 69 272 165 6
595 2880 27 65 190 21 212 2365 92 50 34 281 154 8 114 73 75 262 165 6
596 2880 24 64 181 27 190 2394 88 55 27 272 178 6 154 85 69 308 165 7
597 2880 26 54 192 17 195 2396 80 50 29 331 173 10 141 118 65 324 177 9
598 2880 27 58 188 24 203 2380 85 46 38 326 181 7 139 155 68 362 199 9
599 2880 25 67 185 20 210 2373 92 45 40 350 226 9 149 122 74 345 211 8
600 2880 28 52 175 27 212 2386 80 46 27 332 211 8 139 88 74 301 213 6
601 2880 31 46 176 32 201 2394 77 44 27 323 187 9 121 116 68 305 195 7
602 2880 28 66 200 23 210 2353 94 54 30 320 214 7 152 113 68 333 203 9
603 2880 25 63 188 22 180 2402 88 48 31 228 178 4 102 88 75 265 189 6
604 2880 22 61 203 34 166 2394 83 46 31 303 185 7 136 84 71 291 185 6
605 2880 21 58 198 28 196 2379 79 48 23 243 159 5 129 91 64 284 192 5
606 2880 24 68 193 27 198 2370 92 42 31 320 190 7 99 106 67 272 172 5
607 2880 22 60 194 20 184 2400 82 38 33 327 215 7 126 113 70 309 189 7
608 2880 23 47 174 16 226 2394 70 38 29 273 175 5 107 74 77 258 174 5
609 2880 24 50 200 23 235 2348 74 36 31 303 173 8 125 106 59 290 160 7
610 2880 24 47 188 24 189 2408 71 36 27 245 171 5 133 65 57 255 171 5
611 2880 21 50 195 23 225 2366 71 37 24 296 162 8 140 99 63 302 218 5
612 2880 25 52 164 15 207 2417 77 39 34 294 178 7 146 85 63 294 166 6
613 2880 16 49 188 24 182 2421 65 21 28 264 154 6 124 95 49 268 158 6
614 2880 15 49 189 18 197 2412 64 19 34 226 146 6 98 81 49 228 158 4
615 2880 17 50 173 19 194 2427 67 22 35 265 167 5 112 99 49 260 158 4
616 2880 17 39 180 18 201 2425 56 15 25 247 151 6 136 77 49 262 154 7
617 2880 15 29 160 34 198 2444 44 10 29 231 137 6 122 70 38 230 148 5
618 2880 18 43 166 28 186 2439 61 22 29 234 164 5 86 81 49 216 158 4
619 2880 20 41 170 18 192 2439 61 24 32 187 153 3 89 97 44 230 160 4
620 2880 14 44 162 25 226 2409 58 18 29 317 181 10 134 94 48 276 184 6
621 2880 17 37 190 33 206 2397 54 10 31 245 155 6 115 71 55 241 165 4
622 2880 16 51 188 32 203 2390 67 33 30 286 154 8 134 97 43 274 166 6
623 2880 19 50 174 29 188 2420 69 31 26 269 155 6 128 101 43 272 166 6
624 2880 14 50 181 32 203 2400 64 24 27 240 140 6 137 86 40 263 151 6
625 2880 17 38 161 29 177 2458 55 18 24 215 127 4 107 91 31 229 141 4
626 2880 14 57 190 23 184 2412 71 28 35 219 145 4 131 73 39 243 145 6
627 2880 14 45 171 26 211 2413 59 20 27 219 157 5 131 63 49 243 157 6
628 2880 11 53 171 22 208 2415 64 19 32 225 139 5 141 65 31 237 139 6
629 2880 14 51 158 17 219 2421 65 22 27 270 148 8 162 66 42 270 148 8
630 2880 16 44 169 22 190 2439 60 36 20 242 132 7 144 66 36 246 136 7
631 2880 14 45 162 30 203 2426 59 27 29 238 152 6 114 70 42 226 152 5
632 2880 11 41 144 21 204 2459 52 20 23 234 148 5 126 70 42 238 152 5
633 2880 16 51 167 29 213 2404 67 24 31 249 140 6 126 66 42 234 148 5
634 2880 16 53 196 36 218 2361 69 18 34 220 150 3 114 68 54 236 166 4
635 2880 14 43 140 25 208 2450 57 20 29 222 148 6 140 62 38 240 158 6
636 2880 15 41 145 18 203 2458 56 31 26 244 134 7 152 70 44 266 142 8
637 2880 15 55 177 28 216 2389 70 27 31 264 160 7 134 84 44 262 156 7
638 2880 18 59 146 31 210 2416 77 28 32 224 76 8 140 70 44 254 142 8
639 2880 14 45 155 15 225 2426 59 24 27 272 152 9 149 70 44 263 163 8
640 2880 18 50 166 24 218 2404 68 30 36 274 165 7 193 56 52 301 179 9
641 2880 14 41 149 29 205 2442 55 22 30 284 179 5 180 56 52 288 179 7
642 2880 18 49 156 32 210 2415 67 46 18 297 150 10 163 76 46 285 159 9
643 2880 17 50 137 26 193 2457 67 25 27 246 148 8 169 62 36 267 157 8
644 2880 16 54 154 22 206 2428 70 29 28 246 148 8 124 72 40 236 162 6
645 2880 15 43 172 24 228 2398 58 18 29 243 193 5 148 69 43 260 169 6
646 2880 19 52 170 24 208 2407 71 22 33 254 166 8 172 82 40 294 194 8
647 2880 19 55 173 15 216 2402 74 32 37 266 148 7 148 86 40 274 174 7
648 2880 17 44 181 16 194 2428 61 20 32 290 184 8 130 86 40 256 174 6
649 2880 16 35 139 20 197 2473 51 23 21 223 135 7 129 48 46 223 149 6
650 2880 19 45 174 17 206 2419 64 29 32 240 138 9 123 100 40 263 161 8
651 2880 15 48 171 20 186 2440 63 19 23 243 154 8 100 110 34 244 168 7
652 2880 20 41 191 24 184 2420 61 22 34 239 143 6 129 104 40 273 147 8
653 2880 14 56 212 28 190 2380 70 29 36 203 115 6 99 82 34 215 141 5
654 2880 23 59 186 19 212 2381 82 31 44 266 141 7 129 96 34 259 141 7
655 2880 18 41 187 25 195 2414 59 24 27 304 146 11 133 130 42 305 159 9
656 2880 22 54 211 21 191 2381 76 39 32 282 149 8 103 126 36 265 157 7
657 2880 18 50 206 20 223 2363 68 32 31 261 139 9 133 150 36 319 171 11
658 2880 17 38 174 22 214 2415 55 14 28 263 132 9 138 123 39 300 157 9
659 2880 14 52 159 31 197 2427 66 21 33 290 154 11 170 100 32 302 154 10
660 2880 14 44 193 29 200 2400 58 26 28 316 160 12 196 104 40 340 162 12
661 2880 17 36 200 21 208 2398 53 14 30 268 116 9 203 91 33 327 149 11
662 2880 18 54 193 22 197 2396 72 18 32 291 127 10 178 80 33 291 127 10
663 2880 15 37 207 22 211 2388 52 7 35 284 116 10 162 76 37 275 115 11
664 2880 20 45 206 29 191 2389 65 12 39 285 111 11 177 80 36 293 111 10
665 2880 16 50 217 32 214 2351 66 29 34 288 100 13 210 86 36 332 115 14
666 2880 15 51 190 30 209 2385 66 15 36 268 106 11 162 72 40 274 112 11
667 2880 14 56 202 18 170 2420 70 26 38 315 131 10 205 77 43 325 119 12
668 2880 18 49 205 23 219 2366 67 19 34 319 115 13 169 76 40 285 115 11
669 2880 18 60 212 22 187 2381 78 19 43 321 127 13 193 76 40 309 127 12
670 2880 15 40 199 20 192 2414 55 12 30 301 103 14 199 82 34 315 127 13
671 2880 14 49 199 23 198 2397 63 16 35 313 123 12 186 104 37 327 127 12
672 2880 17 51 218 26 219 2349 68 18 37 318 122 14 201 70 46 317 133 13
673 2880 20 49 199 26 203 2383 69 23 29 365 145 15 183 76 40 299 133 13
674 2880 15 54 184 23 210 2394 69 15 41 319 123 14 213 68 34 315 127 15
675 2880 24 61 200 17 174 2404 85 27 41 269 123 10 219 76 40 335 127 15
676 2880 17 51 161 16 196 2439 68 22 35 325 127 14 176 82 48 306 153 10
677 2880 24 49 185 23 198 2401 73 19 34 286 153 8 186 100 54 340 149 10
678 2880 21 51 200 28 168 2412 72 18 37 321 133 14 162 120 49 331 153 12
679 2880 19 55 198 27 219 2362 74 16 38 266 134 11 149 94 42 285 141 11
680 2880 24 44 175 21 215 2401 68 27 34 253 109 11 151 108 36 295 113 14
681 2880 17 49 233 14 174 2393 66 17 39 309 135 13 197 117 42 356 164 14
682 2880 23 46 229 24 200 2358 69 18 36 262 146 9 148 89 56 293 153 10
683 2880 16 44 186 21 212 2401 60 15 31 273 141 10 158 80 50 288 152 10
684 2880 13 47 173 25 192 2430 60 11 38 264 162 7 150 76 49 275 157 9
685 2880 17 43 145 30 205 2440 60 20 27 239 147 7 152 63 49 264 158 8
686 2880 16 48 159 22 209 2426 64 28 28 237 131 9 196 67 37 300 160 11
687 2880 15 50 181 24 196 2414 65 24 38 245 155 7 155 73 48 276 160 9
688 2880 17 47 168 32 189 2427 64 22 32 328 165 12 147 100 52 299 169 10
689 2880 15 40 166 25 181 2453 55 12 31 329 164 9 169 93 54 316 164 8
690 2880 21 43 186 33 179 2418 64 18 32 309 149 11 163 97 51 311 149 10
691 2880 21 57 201 34 202 2365 78 23 43 277 141 9 127 78 48 253 141 8
692 2880 13 54 173 21 216 2403 67 17 28 213 127 8 128 59 45 232 122 9
693 2880 15 39 158 22 211 2435 54 17 25 235 115 9 121 60 48 229 123 9
694 2880 14 43 149 18 202 2454 57 17 24 212 104 9 123 55 48 226 130 8
695 2880 20 35 157 21 204 2443 55 13 30 240 119 10 136 51 48 235 126 8
696 2880 15 47 181 18 198 2421 62 24 33 185 112 6 134 56 36 226 129 7
697 2880 13 42 162 24 229 2410 55 22 29 166 106 6 80 36 33 149 101 5
698 2880 16 47 153 26 197 2441 63 27 31 190 128 6 98 58 52 208 146 6
699 2880 14 48 173 21 210 2414 62 22 36 188 92 8 98 45 36 179 95 7
700 2880 18 44 168 22 207 2421 62 34 27 192 100 7 140 69 38 247 119 9
701 2880 14 47 147 20 206 2446 61 17 38 226 118 10 157 27 37 221 137 8
702 2880 13 39 146 28 191 2463 52 24 25 224 116 8 112 46 34 192 120 7
703 2880 11 44 147 23 212 2443 55 15 29 241 97 10 132 45 36 213 105 8
704 2880 12 43 120 22 193 2490 55 16 23 232 112 11 123 52 31 206 122 8
705 2880 14 47 126 29 202 2462 61 33 29 230 124 9 117 42 33 192 132 6
706 2880 14 35 125 27 199 2480 49 17 25 172 112 6 93 48 31 172 112 6
707 2880 13 38 142 26 204 2457 51 16 29 146 98 5 47 45 30 122 98 3
708 2880 15 32 148 21 233 2431 47 20 20 158 98 6 59 46 30 135 99 4
709 2880 18 39 134 28 226 2435 57 29 29 178 94 8 65 41 30 136 94 4
710 2880 10 40 152 27 217 2434 50 13 32 178 82 9 83 29 30 142 82 6
711 2880 17 45 142 18 220 2438 62 30 31 177 105 6 102 42 33 177 105 7
712 2880 12 47 160 30 209 2422 59 15 32 161 87 7 59 45 33 137 87 5
713 2880 23 43 131 23 217 2443 66 41 26 191 93 9 81 76 30 187 97 8
714 2880 10 40 115 23 214 2478 50 17 22 125 101 3 78 39 33 150 102 5
715 2880 11 32 121 26 215 2475 43 13 21 190 104 7 84 61 25 170 108 5
716 2880 12 35 141 31 217 2444 47 12 26 171 103 6 93 39 25 157 103 5
717 2880 16 42 159 32 201 2430 58 30 27 230 142 8 108 68 44 220 118 9
718 2880 11 43 157 25 242 2402 54 36 18 228 122 8 71 72 39 182 126 5
719 2880 11 44 106 22 217 2480 55 33 19 157 121 4 84 29 39 152 116 4
720 2880 10 38 159 29 214 2430 48 18 29 171 70 7 90 59 13 162 112 5
721 2880 11 44 136 27 227 2435 55 27 29 140 116 3 75 30 36 141 117 3
722 2880 8 39 155 27 218 2433 47 16 28 190 100 8 75 34 36 145 103 4
723 2880 8 27 114 19 202 2510 35 15 17 161 101 6 75 16 36 127 103 3
724 2880 9 40 143 23 245 2420 49 17 28 129 93 4 72 21 31 124 100 3
725 2880 12 40 119 38 222 2449 52 24 26 236 94 10 66 41 25 132 94 4
726 2880 10 41 117 20 233 2459 51 23 27 154 53 8 85 44 6 135 63 6
727 2880 9 35 150 24 210 2452 44 17 27 129 63 6 61 26 6 93 63 3
728 2880 14 35 120 19 223 2469 49 11 29 98 64 3 82 18 0 100 58 4
729 2880 12 34 109 25 237 2463 46 24 18 146 84 6 90 20 24 134 84 5
730 2880 14 36 127 23 226 2454 50 23 23 155 79 7 81 15 25 121 85 4
731 2880 11 37 141 23 229 2439 48 16 27 139 79 6 66 18 30 114 90 3
732 2880 11 33 139 30 232 2435 44 15 27 137 79 5 73 11 25 109 75 3
733 2880 8 43 135 25 226 2443 51 18 29 122 77 4 75 15 25 115 79 4
734 2880 9 43 139 18 226 2445 52 28 25 138 90 5 66 18 30 114 90 3
735 2880 6 36 116 21 227 2474 42 8 23 126 78 5 75 15 25 115 79 4
736 2880 9 43 117 21 227 2463 52 19 27 126 90 4 54 18 30 102 90 2
737 2880 12 33 107 20 217 2491 45 16 23 90 66 3 57 15 25 97 73 3
738 2880 11 41 142 23 208 2455 52 13 35 103 79 3 51 19 25 95 83 2
739 2880 12 33 144 22 227 2442 45 18 26 160 86 6 110 18 30 158 86 7
740 2880 12 32 141 20 236 2439 44 11 27 105 79 3 49 41 29 119 81 3
741 2880 14 33 134 24 230 2445 47 14 27 168 92 7 60 38 32 130 92 4
742 2880 10 35 119 18 238 2460 45 12 29 148 86 5 49 35 31 115 89 3
743 2880 12 40 154 19 233 2422 52 18 33 120 84 4 56 22 30 108 84 3
744 2880 13 31 122 18 216 2480 44 15 25 113 75 4 49 63 21 133 81 5
745 2880 15 40 159 12 224 2430 55 30 26 117 93 3 72 26 30 128 92 4
746 2880 18 31 135 24 235 2437 49 20 28 139 89 5 60 26 30 116 92 3
747 2880 13 34 125 21 228 2459 47 21 24 108 82 3 53 15 25 93 69 3
748 2880 15 41 157 14 222 2431 56 24 30 134 82 5 53 71 25 149 83 5
749 2880 11 37 139 20 237 2436 48 14 31 92 80 2 53 29 25 107 81 3
750 2880 12 32 108 23 242 2463 44 18 23 131 81 5 53 43 25 121 81 4
751 2880 9 29 126 19 214 2483 38 17 20 133 73 6 41 19 25 85 73 2
752 2880 11 42 160 23 231 2413 53 17 34 145 83 6 77 41 25 143 81 6
753 2880 13 39 145 21 235 2427 52 17 31 224 148 5 105 58 25 188 136 4
754 2880 11 31 134 29 241 2434 42 13 26 201 87 6 101 59 25 185 85 7
755 2880 16 38 143 23 238 2422 54 26 25 186 118 5 72 57 36 165 109 4
756 2880 18 31 127 35 230 2439 49 19 25 201 109 5 95 55 25 175 107 4
757 2880 14 41 139 23 242 2421 55 20 27 166 102 5 56 57 36 149 109 3
758 2880 10 43 140 25 252 2410 53 18 27 199 105 7 80 25 36 141 117 3
759 2880 8 30 151 31 252 2408 38 13 24 172 60 6 80 65 24 169 80 6
760 2880 10 44 147 27 235 2417 54 10 42 168 78 8 71 31 19 121 79 4
761 2880 7 42 147 34 231 2419 49 13 32 183 79 8 85 71 21 177 73 8
762 2880 15 34 171 27 247 2386 49 19 26 159 73 8 117 53 21 191 95 7
763 2880 9 37 137 27 248 2422 46 17 24 172 83 7 73 43 21 137 83 5
764 2880 10 25 124 23 225 2473 35 17 19 121 73 5 73 43 21 137 73 5
765 2880 9 40 122 21 237 2451 49 8 40 128 68 6 104 42 0 146 68 6
766 2880 7 33 122 23 223 2472 40 13 28 130 92 4 104 32 22 158 84 5
767 2880 4 36 128 20 249 2443 40 14 26 122 52 5 120 0 0 120 52 4
768 2880 5 36 130 23 252 2434 41 11 26 121 71 4 69 7 19 95 71 3
769 2880 11 33 131 20 227 2458 44 12 29 128 66 4 95 16 16 127 77 3
770 2880 7 38 112 27 218 2478 45 19 23 188 89 7 81 45 19 145 81 5
771 2880 6 34 141 25 251 2423 40 11 29 122 60 5 88 0 0 88 52 4
772 2880 6 34 131 25 214 2470 40 12 25 130 82 5 84 12 28 124 88 4
773 2880 8 27 145 41 236 2423 35 14 20 178 66 9 117 21 19 157 71 8
774 2880 6 35 117 31 229 2462 41 11 30 152 66 7 81 21 19 121 71 5
775 2880 10 34 145 28 238 2425 44 10 32 129 65 6 81 7 19 107 71 4
776 2880 7 29 131 37 242 2434 36 12 23 139 65 6 98 23 25 146 71 5
777 2880 5 43 181 25 245 2381 48 13 30 124 54 5 90 18 0 108 54 4
778 2880 6 32 134 20 232 2456 38 12 23 119 65 4 90 18 0 108 54 4
779 2880 13 38 160 30 232 2407 51 14 35 178 62 7 96 52 6 154 54 6
780 2880 8 37 134 27 255 2419 45 17 28 144 54 8 112 42 0 154 54 7
781 2880 8 35 127 19 236 2455 43 14 25 152 70 6 94 44 0 138 70 5
782 2880 10 30 129 17 238 2456 40 8 29 106 36 6 96 22 0 118 36 7
783 2880 5 34 126 33 228 2454 39 7 27 144 36 8 130 0 0 130 36 7
784 2880 5 39 166 25 239 2406 44 7 36 96 26 6 84 14 0 98 26 6
785 2880 5 39 137 24 228 2447 44 4 33 102 26 6 96 36 0 132 26 8
786 2880 6 31 118 27 209 2489 37 4 31 125 52 6 102 22 0 124 44 6
787 2880 4 25 126 26 252 2447 29 2 27 117 29 8 63 43 7 113 29 7
788 2880 6 34 164 35 270 2371 40 3 34 167 31 10 56 73 6 135 31 7
789 2880 8 34 163 26 240 2409 42 3 35 107 31 6 80 33 6 119 31 6
790 2880 8 30 173 24 210 2435 38 5 31 148 42 8 103 37 6 146 42 7
791 2880 7 37 124 22 235 2455 44 5 35 167 26 10 111 48 6 165 32 9
792 2880 11 29 114 29 231 2466 40 8 24 172 42 8 80 64 18 162 34 9
793 2880 17 31 137 17 244 2434 48 6 38 147 37 8 72 95 12 179 37 10
794 2880 8 27 110 23 223 2489 35 4 26 128 28 8 78 60 12 150 28 9
795 2880 4 22 119 31 221 2483 26 3 23 150 58 6 81 78 12 171 33 8
796 2880 7 24 131 22 245 2451 31 2 27 163 31 9 86 55 6 147 25 9
797 2880 5 29 138 26 229 2453 34 5 25 164 36 9 86 42 12 140 28 8
798 2880 6 27 155 23 224 2445 33 2 29 134 24 9 84 84 8 176 38 9
799 2880 4 24 152 21 233 2446 28 2 27 164 26 11 88 54 6 148 32 8
800 2880 9 23 148 24 198 2478 32 2 29 102 20 7 74 32 0 106 20 7
801 2880 7 38 152 36 200 2447 45 4 40 124 26 8 122 32 0 154 44 9
802 2880 5 35 136 26 228 2450 40 4 36 132 32 8 64 32 0 96 32 5
803 2880 8 24 135 26 212 2475 32 2 30 134 32 8 64 60 0 124 32 7
804 2880 8 25 103 39 247 2458 33 3 29 110 26 8 84 14 0 98 26 7
805 2880 10 21 122 25 230 2472 31 2 28 136 44 8 116 32 0 148 44 9
806 2880 10 34 131 37 226 2442 44 3 37 140 20 11 124 0 0 124 20 9
807 2880 8 34 138 18 224 2458 42 3 37 80 20 6 80 0 0 80 20 6
808 2880 15 25 147 26 208 2459 40 3 33 104 24 7 104 0 0 104 24 6
809 2880 9 29 121 20 230 2471 38 2 35 116 24 8 104 0 0 104 24 7
810 2880 5 22 124 25 237 2467 27 3 25 98 24 7 92 0 0 92 24 6
811 2880 5 28 125 23 235 2464 33 2 29 104 24 7 92 0 0 92 24 6
812 2880 6 24 130 19 219 2482 30 3 25 142 44 8 107 20 12 139 44 7
813 2880 8 23 128 30 222 2469 31 2 27 130 24 9 132 14 0 146 24 11
814 2880 6 24 147 21 270 2412 30 6 25 150 30 10 117 12 6 135 33 8
815 2880 10 19 147 24 208 2472 29 1 29 172 32 10 141 0 0 141 27 10
816 2880 7 30 136 32 247 2428 37 2 35 158 32 9 132 21 15 168 36 10
817 2880 7 22 119 13 236 2483 29 1 29 172 32 12 134 9 9 152 56 9
818 2880 9 14 131 28 222 2476 23 2 22 133 27 7 179 12 2 193 39 11
819 2880 8 26 175 27 231 2413 34 1 34 180 82 9 138 40 2 180 50 10
820 2880 6 28 145 20 215 2466 34 2 30 131 35 8 110 17 11 138 44 8
821 2880 10 24 147 25 226 2448 34 3 28 144 32 9 152 5 9 166 32 9
822 2880 10 31 117 17 246 2459 41 4 30 160 27 9 116 40 2 158 39 9
823 2880 12 21 146 27 251 2423 33 3 28 175 47 9 127 58 2 187 47 10
824 2880 9 28 157 20 232 2434 37 5 27 202 40 12 132 37 9 178 40 10
825 2880 5 29 155 33 269 2389 34 2 32 145 36 7 115 41 5 161 38 8
826 2880 6 22 136 29 231 2456 28 3 25 187 49 10 131 23 9 163 49 8
827 2880 7 31 139 23 224 2456 38 4 28 204 34 13 126 36 6 168 34 11
828 2880 6 32 131 25 248 2438 38 3 33 184 52 9 122 66 8 196 50 10
829 2880 10 29 138 38 253 2412 39 6 29 182 58 11 102 70 8 180 54 11
830 2880 7 30 142 30 238 2433 37 4 29 170 56 10 126 62 8 196 46 12
831 2880 8 28 146 26 219 2453 36 2 32 194 68 10 124 74 8 206 80 10
832 2880 5 35 137 28 232 2443 40 4 31 245 87 12 131 66 8 205 93 10
833 2880 9 36 147 22 203 2463 45 4 38 182 36 10 106 52 8 166 42 10
834 2880 7 30 139 18 230 2456 37 2 34 164 42 11 130 66 8 204 42 12
835 2880 10 24 125 20 238 2463 34 2 32 163 30 11 116 36 10 162 38 10
836 2880 9 25 135 27 242 2442 34 3 29 136 26 10 96 8 6 110 26 8
837 2880 7 35 139 27 215 2457 42 4 36 168 34 10 146 36 6 188 30 12
838 2880 6 37 141 17 223 2456 43 3 38 170 38 9 134 8 6 148 30 9
839 2880 13 23 112 31 237 2464 36 3 31 178 30 12 176 22 6 204 46 12
840 2880 6 27 136 38 203 2470 33 3 27 174 40 10 122 22 6 150 40 8
841 2880 10 28 144 28 197 2473 38 3 36 162 40 10 110 50 6 166 40 9
842 2880 7 32 148 23 236 2434 39 2 37 230 42 13 156 56 0 212 40 13
843 2880 14 30 136 25 258 2417 44 3 40 222 52 13 114 48 8 170 52 10
844 2880 7 23 120 25 247 2458 30 3 26 190 62 11 78 82 2 162 38 10
845 2880 4 24 109 28 232 2483 28 2 27 203 61 10 90 76 8 174 38 11
846 2880 7 23 145 29 254 2422 30 2 29 139 23 9 86 82 6 174 34 11
847 2880 9 28 160 32 240 2411 37 4 32 166 34 11 86 78 6 170 34 11
848 2880 8 24 140 31 227 2450 32 2 30 202 42 12 74 94 6 174 50 10
849 2880 9 29 159 22 257 2404 38 3 32 135 49 8 74 65 6 145 49 8
850 2880 6 32 139 35 219 2449 38 2 35 170 34 10 38 78 6 122 34 6
851 2880 1 21 127 35 198 2498 22 3 19 132 28 8 44 70 0 114 20 8
852 2880 10 21 112 25 229 2483 31 4 25 116 30 7 44 72 0 116 30 7
853 2880 9 19 104 26 235 2487 28 2 27 123 25 8 44 67 0 111 25 7
854 2880 4 25 153 26 239 2433 29 2 28 76 20 5 44 60 0 104 20 7
855 2880 7 24 136 30 234 2449 31 3 24 134 28 8 36 88 0 124 28 8
856 2880 7 26 137 28 217 2465 33 2 30 117 29 7 45 68 3 116 29 6
857 2880 6 23 138 15 217 2481 29 2 26 78 14 6 24 28 0 52 14 4
858 2880 2 24 116 29 266 2443 26 2 23 80 18 6 24 32 0 56 18 4
859 2880 5 25 144 34 245 2427 30 2 29 102 22 7 36 50 0 86 22 6
860 2880 1 25 127 23 234 2470 26 2 25 72 22 5 12 36 0 48 22 3
861 2880 3 22 97 33 240 2485 25 2 23 48 22 3 24 22 0 46 22 3
862 2880 4 32 118 25 243 2458 36 3 31 86 50 4 57 38 3 98 50 5
863 2880 9 30 133 28 217 2463 39 5 28 158 82 7 75 74 9 158 82 7
864 2880 10 27 142 27 221 2453 37 6 26 168 82 7 39 64 9 112 86 3
865 2880 7 21 113 23 212 2504 28 2 25 90 32 5 62 30 6 98 32 5
866 2880 5 26 126 28 255 2440 31 2 28 149 26 11 66 8 6 80 32 5
867 2880 5 27 113 30 243 2462 32 2 31 104 32 7 78 22 6 106 32 7
868 2880 3 17 127 40 254 2439 20 2 19 122 14 10 60 14 0 74 14 6
869 2880 8 19 116 31 204 2502 27 2 24 104 20 8 78 36 6 120 20 9
870 2880 5 31 140 27 225 2452 36 3 28 128 34 7 72 44 12 128 34 7
871 2880 2 25 126 23 226 2478 27 2 25 118 34 8 72 30 12 114 34 7
872 2880 7 22 122 22 204 2503 29 3 24 162 14 13 96 42 0 138 14 11
873 2880 3 26 95 29 221 2506 29 2 24 104 32 7 90 8 6 104 32 7
874 2880 7 26 119 23 218 2487 33 3 28 92 32 6 66 8 6 80 32 5
875 2880 5 28 103 26 215 2503 33 2 30 106 32 7 54 8 6 68 32 4
876 2880 1 33 100 16 212 2518 34 3 30 102 36 5 60 8 6 74 32 4
877 2880 6 18 107 23 196 2530 24 2 23 84 24 5 84 0 0 84 24 5
878 2880 9 20 129 18 209 2495 29 2 26 117 34 6 66 36 6 108 34 6
879 2880 5 20 117 38 218 2482 25 2 24 94 34 5 54 22 6 82 34 4
880 2880 6 25 150 19 202 2478 31 2 27 96 24 7 60 0 0 60 24 4
881 2880 6 19 123 32 194 2506 25 3 21 84 12 7 78 8 6 92 20 7
882 2880 8 20 101 29 215 2507 28 2 26 68 20 5 54 8 6 68 20 5
883 2880 7 18 109 20 225 2501 25 2 24 102 32 6 84 0 0 84 24 5
884 2880 7 29 123 17 215 2489 36 3 29 136 38 8 96 5 9 110 38 6
885 2880 10 26 114 27 214 2489 36 2 32 78 30 5 72 9 9 90 30 5
886 2880 8 24 143 18 231 2456 32 3 29 80 32 5 102 8 6 116 32 7
887 2880 6 28 108 19 222 2497 34 2 31 96 20 7 42 22 6 70 20 5
888 2880 10 24 114 23 218 2491 34 3 30 108 24 7 42 12 6 60 24 4
889 2880 8 28 129 21 233 2461 36 3 31 132 36 7 72 23 9 104 38 5
890 2880 6 18 108 23 227 2498 24 2 22 93 23 6 42 40 6 88 24 6
891 2880 7 23 147 19 228 2456 30 3 27 119 23 9 92 0 0 92 20 7
892 2880 9 28 145 27 227 2444 37 7 26 136 26 10 96 19 9 124 26 9
893 2880 7 35 143 35 248 2412 42 4 38 108 12 9 60 14 0 74 14 6
894 2880 4 30 123 29 235 2459 34 3 29 140 24 10 90 8 6 104 20 8
895 2880 7 26 119 35 241 2452 33 7 26 154 20 12 66 36 6 108 20 8
896 2880 13 36 164 39 279 2349 49 4 39 111 23 8 66 22 6 94 20 7
897 2880 4 32 141 31 260 2412 36 2 31 108 34 7 78 40 6 124 36 8
898 2880 6 21 142 41 238 2432 27 2 25 141 24 9 104 34 12 150 56 8
899 2880 7 27 144 27 216 2459 34 3 28 110 32 7 86 34 6 126 52 7
900 2880 6 31 138 37 225 2443 37 4 30 84 20 6 62 48 6 116 52 6
901 2880 11 17 102 31 245 2474 28 2 24 107 23 7 92 28 0 120 24 8
902 2880 4 18 125 27 245 2461 22 1 22 126 14 10 90 22 6 118 20 9
903 2880 4 22 114 27 231 2482 26 2 25 126 14 10 90 36 6 132 20 10
904 2880 7 27 125 26 237 2458 34 2 29 118 56 6 60 38 12 110 48 6
905 2880 4 26 134 28 249 2439 30 2 28 114 20 8 78 36 6 120 20 9
906 2880 9 28 137 23 218 2465 37 2 32 108 36 7 72 30 12 114 20 8
907 2880 3 27 151 25 233 2441 30 2 28 86 24 6 62 36 6 104 28 7
908 2880 6 20 141 18 222 2473 26 2 25 114 31 7 77 61 3 141 51 8
909 2880 11 22 116 26 207 2498 33 2 32 115 27 7 108 48 12 168 54 9
910 2880 4 28 134 29 259 2426 32 3 28 196 36 13 123 35 9 167 48 9
911 2880 8 23 145 31 248 2425 31 2 29 165 24 11 141 23 9 173 36 10
912 2880 7 33 135 24 225 2456 40 2 34 199 48 10 117 65 15 197 82 8
913 2880 6 30 147 27 232 2438 36 2 34 181 44 7 84 68 12 164 82 6
914 2880 8 34 163 25 231 2419 42 2 35 172 42 10 90 74 6 170 48 9
915 2880 7 30 160 28 213 2442 37 2 33 154 32 10 84 44 12 140 24 9
916 2880 8 27 125 29 234 2457 35 3 31 145 25 10 84 48 12 144 24 9
917 2880 5 17 104 29 269 2456 22 2 20 152 36 8 100 40 6 146 48 7
918 2880 8 22 111 20 242 2477 30 3 25 96 24 7 54 22 6 82 32 5
919 2880 5 19 119 30 197 2510 24 3 22 96 22 7 42 50 6 98 20 7
920 2880 3 19 136 27 224 2471 22 2 19 112 30 7 48 66 6 120 30 7
921 2880 7 28 132 27 234 2452 35 3 28 188 40 9 100 75 6 181 46 7
922 2880 4 31 130 30 209 2476 35 3 30 140 26 10 72 71 0 143 43 8
923 2880 6 28 102 24 198 2522 34 2 30 112 26 7 84 28 0 112 26 7
924 2880 2 23 106 29 216 2504 25 1 25 150 40 10 84 42 0 126 40 8
925 2880 8 26 119 24 244 2459 34 2 33 160 26 12 84 28 0 112 14 9
926 2880 5 21 103 26 227 2498 26 2 24 119 21 9 104 31 1 136 29 9
927 2880 7 17 126 33 226 2471 24 2 22 157 31 10 93 60 0 153 32 10
928 2880 1 32 113 27 229 2478 33 2 29 136 26 9 84 46 0 130 26 8
929 2880 3 20 97 33 252 2475 23 2 22 95 35 5 92 42 4 138 35 7
930 2880 4 20 122 22 249 2463 24 3 19 122 41 5 86 61 10 157 55 6
931 2880 10 21 113 26 229 2481 31 3 25 119 33 8 75 44 9 128 40 7
932 2880 6 21 109 33 221 2490 27 2 26 128 20 10 90 26 6 122 26 7
933 2880 4 23 119 19 230 2485 27 2 25 126 32 8 96 8 6 110 24 7
934 2880 4 32 123 40 246 2435 36 2 33 153 33 8 93 21 11 125 33 6
935 2880 3 24 125 22 261 2445 27 1 27 147 28 8 78 44 6 128 32 8
936 2880 3 34 130 36 243 2434 37 4 25 121 37 7 84 40 0 124 22 9
937 2880 0 24 134 22 250 2450 24 2 22 114 24 8 60 12 6 78 24 5
938 2880 4 36 115 28 229 2468 40 2 38 108 36 7 54 16 6 76 28 5
939 2880 5 18 116 24 257 2460 23 2 20 138 36 9 60 74 0 134 26 8
940 2880 1 25 116 25 219 2494 26 2 24 126 24 8 58 44 2 104 28 6
941 2880 2 29 101 25 241 2482 31 3 27 130 30 9 84 42 0 126 24 9
942 2880 4 36 127 26 237 2450 40 3 34 88 14 7 36 42 0 78 14 6
943 2880 2 27 119 23 238 2471 29 1 29 76 14 6 36 14 0 50 14 4
944 2880 3 23 115 24 225 2490 26 2 24 124 26 9 60 14 0 74 14 6
945 2880 4 25 124 31 230 2466 29 2 28 119 24 8 69 0 0 69 24 4
946 2880 5 20 124 13 223 2495 25 3 22 100 14 8 60 14 0 74 14 6
947 2880 3 23 126 29 209 2490 26 3 23 157 35 10 108 32 0 140 24 10
948 2880 1 27 126 25 222 2479 28 2 25 110 26 8 96 14 0 110 26 8
949 2880 4 32 111 26 242 2465 36 3 31 118 18 9 84 46 0 130 18 10
950 2880 5 28 127 27 237 2456 33 2 30 163 21 12 120 46 0 166 18 13
951 2880 7 35 152 27 240 2419 42 3 35 122 24 8 108 14 0 122 24 9
952 2880 2 24 100 24 238 2492 26 3 22 148 14 12 96 28 0 124 24 9
953 2880 5 31 142 23 238 2441 36 2 34 164 24 12 144 32 0 176 36 10
954 2880 5 23 125 12 212 2503 28 2 27 140 24 9 108 32 0 140 24 9
955 2880 2 27 92 25 235 2499 29 2 27 112 40 7 84 40 0 124 40 7
956 2880 3 24 119 12 232 2490 27 2 25 100 40 5 96 40 0 136 40 7
957 2880 4 27 150 18 229 2452 31 2 30 118 18 9 72 54 0 126 40 7
958 2880 1 31 131 20 223 2474 32 2 29 66 14 5 48 32 0 80 18 6
959 2880 4 30 157 21 240 2428 34 2 32 112 26 8 60 30 0 90 30 6
960 2880 5 29 129 33 259 2425 34 3 29 184 26 13 72 44 0 116 30 8
961 2880 3 32 125 27 249 2444 35 2 34 66 30 4 36 30 0 66 30 4
962 2880 2 28 111 31 244 2464 30 4 25 30 18 2 24 32 0 56 32 3
963 2880 3 22 107 21 241 2486 25 2 23 54 18 4 36 18 0 54 18 4
964 2880 9 24 125 23 210 2489 33 2 30 64 14 5 36 14 0 50 14 4
965 2880 10 20 124 25 239 2462 30 2 27 26 14 2 24 0 0 24 12 2
966 2880 10 26 130 26 232 2456 36 3 33 74 18 5 24 32 0 56 18 4
967 2880 8 22 126 24 218 2482 30 2 28 64 14 5 24 32 0 56 18 4
968 2880 4 24 153 26 224 2449 28 3 23 92 18 7 24 32 0 56 18 4
969 2880 6 24 145 29 223 2453 30 2 25 80 18 6 48 32 0 80 18 6
970 2880 12 28 156 21 237 2426 40 4 32 102 48 5 36 48 0 84 30 5
971 2880 6 31 157 22 245 2419 37 2 32 112 24 7 54 40 6 100 20 7
972 2880 8 35 141 19 231 2446 43 5 35 102 30 5 60 44 0 104 26 6
973 2880 4 25 112 36 231 2472 29 2 27 88 22 6 78 46 6 130 30 7
974 2880 6 28 141 21 213 2471 34 3 29 122 46 6 69 59 3 131 43 7
975 2880 3 28 156 19 221 2453 31 2 30 94 34 4 30 84 6 120 34 5
976 2880 6 30 134 19 246 2445 36 4 31 108 42 5 33 73 3 109 43 5
977 2880 4 30 122 13 223 2488 34 4 27 90 24 6 22 98 2 122 30 6
978 2880 1 16 101 20 244 2498 17 2 16 119 41 6 35 103 1 139 45 8
979 2880 6 23 113 20 236 2482 29 4 24 198 28 11 82 118 2 202 32 11
980 2880 3 27 123 24 237 2466 30 3 27 146 38 7 70 68 2 140 28 8
981 2880 5 23 120 31 232 2469 28 3 21 166 38 9 58 88 2 148 34 8
982 2880 3 29 109 15 221 2503 32 3 27 138 30 8 48 60 0 108 26 7
983 2880 1 28 117 21 209 2504 29 2 27 172 30 10 68 90 0 158 34 9
984 2880 4 33 142 24 218 2459 37 4 30 168 34 10 48 108 0 156 34 9
985 2880 5 32 127 26 209 2481 37 2 32 136 70 6 60 94 0 154 46 9
986 2880 3 21 112 24 207 2513 24 2 23 154 66 8 72 74 0 146 26 10
987 2880 5 30 144 21 224 2456 35 3 32 152 56 8 78 54 6 138 30 9
988 2880 6 26 119 25 198 2506 32 3 28 124 26 8 60 74 0 134 26 9
989 2880 3 25 138 16 191 2507 28 2 27 118 26 6 60 46 0 106 26 7
990 2880 3 22 111 22 214 2508 25 2 24 204 52 11 84 78 0 162 26 10
991 2880 5 28 128 24 208 2487 33 2 30 112 62 5 130 54 2 186 62 10
992 2880 3 29 149 29 212 2458 32 2 28 128 26 8 72 70 0 142 66 7
993 2880 7 36 146 30 205 2456 43 3 36 176 66 10 96 56 0 152 66 8
994 2880 4 30 149 26 204 2467 34 2 30 110 26 7 60 42 0 102 26 7
995 2880 3 30 112 22 266 2447 33 2 31 158 26 11 48 28 0 76 14 6
996 2880 3 29 119 27 219 2483 32 3 29 88 26 6 48 64 0 112 18 8
997 2880 3 36 139 16 181 2505 39 3 33 90 14 7 48 42 0 90 14 7
998 2880 5 33 135 19 201 2487 38 3 33 82 18 6 48 46 0 94 18 7
999 2880 6 17 109 22 197 2529 23 2 22 116 38 6 24 54 0 78 26 5
1000 2880 1 25 123 21 226 2484 26 2 24 102 14 8 36 42 0 78 14 6
1001 2880 4 23 134 17 201 2501 27 1 27 124 30 8 12 46 0 58 18 4
