# T seed polymorph n  p_grow_cage p_grow_chill  open_cage open_chill  slope_cage slope_chill  nmax0_cage nmax0_chill
205 50 ic 12  0.083 0.000  0.000 0.000  -0.6988 -0.2808
205 100 ic 12  0.000 0.000  0.000 0.000  -2.3187 -1.0667
205 200 ic 12  0.917 0.000  0.000 0.917  0.6273 0.1789
205 300 ic 12  1.000 0.000  0.000 1.000  1.2553 0.4777
205 450 ic 12  1.000 0.000  0.000 1.000  2.6537 1.2114
205 700 ic 12  1.000 0.000  0.000 1.000  4.0199 1.9819
215 50 ic 12  0.000 0.000  0.000 0.000  -3.7583 -1.7083
215 100 ic 12  0.000 0.000  0.000 0.000  -11.9667 -5.2333
215 200 ic 12  0.000 0.000  0.000 0.000  -5.9438 -2.9402
215 300 ic 12  0.917 0.000  0.000 0.917  1.2931 0.5372
215 450 ic 12  1.000 0.000  0.000 1.000  2.8269 1.4466
215 700 ic 12  1.000 0.000  0.000 1.000  5.7386 3.2097
225 50 ic 12  0.000 0.000  0.000 0.000  -4.2833 -0.9417
225 100 ic 12  0.000 0.000  0.000 0.000  -11.8667 -5.8667
225 200 ic 12  0.000 0.000  0.000 0.000  -10.5070 -4.6265
225 300 ic 12  0.083 0.000  0.000 0.083  -2.5102 -1.2950
225 450 ic 12  0.667 0.000  0.000 0.667  0.5958 0.2528
225 700 ic 12  1.000 0.000  0.000 1.000  4.2267 2.4054
